#INST  CMOD   FORCE   
0.000000E+00          0.000000E+00              0.000000E+00 
1.000000E-03          3.496073E-03              1.395915E+02 
2.000000E-03          6.992308E-03              2.791036E+02 
3.000000E-03          1.048865E-02              4.185638E+02 
4.000000E-03          1.398510E-02              5.580413E+02 
5.000000E-03          1.748166E-02              6.975362E+02 
6.000000E-03          2.097852E-02              8.369119E+02 
7.000000E-03          2.447617E-02              9.761953E+02 
8.000000E-03          2.797449E-02              1.115336E+03 
9.000000E-03          3.147360E-02              1.254302E+03 
1.000000E-02          3.497370E-02              1.393039E+03 
1.100000E-02          3.847472E-02              1.531561E+03 
1.200000E-02          4.197665E-02              1.669877E+03 
1.300000E-02          4.547951E-02              1.807978E+03 
1.400000E-02          4.898336E-02              1.945848E+03 
1.500000E-02          5.248812E-02              2.083508E+03 
1.600000E-02          5.599382E-02              2.220952E+03 
1.700000E-02          5.950055E-02              2.358154E+03 
1.800000E-02          6.300828E-02              2.495120E+03 
1.900000E-02          6.651699E-02              2.631857E+03 
2.000000E-02          7.002666E-02              2.768370E+03 
2.100000E-02          7.353735E-02              2.904641E+03 
2.200000E-02          7.704909E-02              3.040663E+03 
2.300000E-02          8.056187E-02              3.176436E+03 
2.400000E-02          8.407570E-02              3.311961E+03 
2.500000E-02          8.759064E-02              3.447218E+03 
2.600000E-02          9.110672E-02              3.582199E+03 
2.700000E-02          9.462395E-02              3.716899E+03 
2.800000E-02          9.814238E-02              3.851306E+03 
2.900000E-02          1.016620E-01              3.985412E+03 
3.000000E-02          1.051829E-01              4.119212E+03 
3.100000E-02          1.087051E-01              4.252691E+03 
3.200000E-02          1.122286E-01              4.385837E+03 
3.300000E-02          1.157534E-01              4.518648E+03 
3.400000E-02          1.192796E-01              4.651111E+03 
3.500000E-02          1.228073E-01              4.783219E+03 
3.600000E-02          1.263363E-01              4.914971E+03 
3.700000E-02          1.298667E-01              5.046354E+03 
3.800000E-02          1.333987E-01              5.177359E+03 
3.900000E-02          1.369321E-01              5.307989E+03 
4.000000E-02          1.404670E-01              5.438229E+03 
4.100000E-02          1.440034E-01              5.568080E+03 
4.200000E-02          1.475414E-01              5.697523E+03 
4.300000E-02          1.510810E-01              5.826557E+03 
4.400000E-02          1.546221E-01              5.955179E+03 
4.500000E-02          1.581649E-01              6.083380E+03 
4.600000E-02          1.617093E-01              6.211149E+03 
4.700000E-02          1.652553E-01              6.338494E+03 
4.800000E-02          1.688030E-01              6.465390E+03 
4.900000E-02          1.723524E-01              6.591841E+03 
5.000000E-02          1.759035E-01              6.717856E+03 
5.100000E-02          1.794562E-01              6.843419E+03 
5.200000E-02          1.830107E-01              6.968512E+03 
5.300000E-02          1.865671E-01              7.093121E+03 
5.400000E-02          1.901254E-01              7.217204E+03 
5.500000E-02          1.936858E-01              7.340691E+03 
5.600000E-02          1.972485E-01              7.463591E+03 
5.700000E-02          2.008135E-01              7.585885E+03 
5.800000E-02          2.043808E-01              7.707524E+03 
5.900000E-02          2.079508E-01              7.828442E+03 
6.000000E-02          2.115236E-01              7.948606E+03 
6.100000E-02          2.150991E-01              8.068017E+03 
6.200000E-02          2.186778E-01              8.186558E+03 
6.300000E-02          2.222599E-01              8.304176E+03 
6.400000E-02          2.258454E-01              8.420843E+03 
6.500000E-02          2.294345E-01              8.536525E+03 
6.600000E-02          2.330273E-01              8.651203E+03 
6.700000E-02          2.366244E-01              8.764709E+03 
6.800000E-02          2.402258E-01              8.877017E+03 
6.900000E-02          2.438315E-01              8.988134E+03 
7.000000E-02          2.474417E-01              9.098025E+03 
7.100000E-02          2.510566E-01              9.206602E+03 
7.200000E-02          2.546763E-01              9.313832E+03 
7.300000E-02          2.583006E-01              9.419814E+03 
7.400000E-02          2.619299E-01              9.524435E+03 
7.500000E-02          2.655639E-01              9.627729E+03 
7.600000E-02          2.692028E-01              9.729661E+03 
7.700000E-02          2.728467E-01              9.830202E+03 
7.800000E-02          2.764957E-01              9.929336E+03 
7.900000E-02          2.801499E-01              1.002703E+04 
8.000000E-02          2.838093E-01              1.012324E+04 
8.100000E-02          2.874741E-01              1.021798E+04 
8.200000E-02          2.911442E-01              1.031125E+04 
8.300000E-02          2.948194E-01              1.040308E+04 
8.400000E-02          2.984998E-01              1.049348E+04 
8.500000E-02          3.021850E-01              1.058242E+04 
8.600000E-02          3.058753E-01              1.066989E+04 
8.700000E-02          3.095708E-01              1.075591E+04 
8.800000E-02          3.132717E-01              1.084041E+04 
8.900000E-02          3.169781E-01              1.092336E+04 
9.000000E-02          3.206897E-01              1.100487E+04 
9.100000E-02          3.244068E-01              1.108484E+04 
9.200000E-02          3.281296E-01              1.116320E+04 
9.300000E-02          3.318578E-01              1.124006E+04 
9.400000E-02          3.355913E-01              1.131541E+04 
9.500000E-02          3.393300E-01              1.138933E+04 
9.600000E-02          3.430745E-01              1.146163E+04 
9.700000E-02          3.468245E-01              1.153236E+04 
9.800000E-02          3.505798E-01              1.160164E+04 
9.900000E-02          3.543407E-01              1.166934E+04 
1.000000E-01          3.581076E-01              1.173538E+04 
1.010000E-01          3.618802E-01              1.179984E+04 
1.020000E-01          3.656585E-01              1.186270E+04 
1.030000E-01          3.694432E-01              1.192378E+04 
1.040000E-01          3.732345E-01              1.198306E+04 
1.050000E-01          3.770324E-01              1.204051E+04 
1.060000E-01          3.808377E-01              1.209593E+04 
1.070000E-01          3.846507E-01              1.214925E+04 
1.080000E-01          3.884711E-01              1.220056E+04 
1.090000E-01          3.922990E-01              1.224985E+04 
1.100000E-01          3.961340E-01              1.229721E+04 
1.110000E-01          3.999768E-01              1.234250E+04 
1.120000E-01          4.038275E-01              1.238568E+04 
1.130000E-01          4.076863E-01              1.242671E+04 
1.140000E-01          4.115538E-01              1.246542E+04 
1.150000E-01          4.154312E-01              1.250152E+04 
1.160000E-01          4.193194E-01              1.253476E+04 
1.170000E-01          4.232201E-01              1.256471E+04 
1.180000E-01          4.271345E-01              1.259104E+04 
1.190000E-01          4.310609E-01              1.261422E+04 
1.200000E-01          4.349951E-01              1.263534E+04 
1.210000E-01          4.389347E-01              1.265505E+04 
1.220000E-01          4.428785E-01              1.267365E+04 
1.230000E-01          4.468260E-01              1.269131E+04 
1.240000E-01          4.507766E-01              1.270817E+04 
1.250000E-01          4.547299E-01              1.272433E+04 
1.260000E-01          4.586857E-01              1.273987E+04 
1.270000E-01          4.626436E-01              1.275486E+04 
1.280000E-01          4.666035E-01              1.276933E+04 
1.290000E-01          4.705652E-01              1.278334E+04 
1.300000E-01          4.745287E-01              1.279692E+04 
1.310000E-01          4.784938E-01              1.281011E+04 
1.320000E-01          4.824603E-01              1.282294E+04 
1.330000E-01          4.864281E-01              1.283544E+04 
1.340000E-01          4.903971E-01              1.284766E+04 
1.350000E-01          4.943671E-01              1.285961E+04 
1.360000E-01          4.983382E-01              1.287132E+04 
1.370000E-01          5.023102E-01              1.288282E+04 
1.380000E-01          5.062830E-01              1.289411E+04 
1.390000E-01          5.102567E-01              1.290522E+04 
1.400000E-01          5.142311E-01              1.291615E+04 
1.410000E-01          5.182062E-01              1.292692E+04 
1.420000E-01          5.221820E-01              1.293753E+04 
1.430000E-01          5.261585E-01              1.294799E+04 
1.440000E-01          5.301356E-01              1.295831E+04 
1.450000E-01          5.341133E-01              1.296848E+04 
1.460000E-01          5.380917E-01              1.297853E+04 
1.470000E-01          5.420706E-01              1.298845E+04 
1.480000E-01          5.460500E-01              1.299825E+04 
1.490000E-01          5.500300E-01              1.300793E+04 
1.500000E-01          5.540106E-01              1.301750E+04 
1.510000E-01          5.579916E-01              1.302696E+04 
1.520000E-01          5.619731E-01              1.303632E+04 
1.530000E-01          5.659551E-01              1.304557E+04 
1.540000E-01          5.699376E-01              1.305472E+04 
1.550000E-01          5.739206E-01              1.306377E+04 
1.560000E-01          5.779041E-01              1.307273E+04 
1.570000E-01          5.818879E-01              1.308160E+04 
1.580000E-01          5.858723E-01              1.309037E+04 
1.590000E-01          5.898571E-01              1.309905E+04 
1.600000E-01          5.938423E-01              1.310765E+04 
1.610000E-01          5.978279E-01              1.311615E+04 
1.620000E-01          6.018140E-01              1.312458E+04 
1.630000E-01          6.058004E-01              1.313292E+04 
1.640000E-01          6.097873E-01              1.314118E+04 
1.650000E-01          6.137746E-01              1.314937E+04 
1.660000E-01          6.177623E-01              1.315748E+04 
1.670000E-01          6.217503E-01              1.316551E+04 
1.680000E-01          6.257387E-01              1.317348E+04 
1.690000E-01          6.297275E-01              1.318138E+04 
1.700000E-01          6.337166E-01              1.318922E+04 
1.710000E-01          6.377060E-01              1.319700E+04 
1.720000E-01          6.416958E-01              1.320471E+04 
1.730000E-01          6.456859E-01              1.321237E+04 
1.740000E-01          6.496763E-01              1.321997E+04 
1.750000E-01          6.536670E-01              1.322751E+04 
1.760000E-01          6.576581E-01              1.323500E+04 
1.770000E-01          6.616494E-01              1.324244E+04 
1.780000E-01          6.656411E-01              1.324982E+04 
1.790000E-01          6.696331E-01              1.325714E+04 
1.800000E-01          6.736253E-01              1.326442E+04 
1.810000E-01          6.776179E-01              1.327164E+04 
1.820000E-01          6.816108E-01              1.327881E+04 
1.830000E-01          6.856039E-01              1.328593E+04 
1.840000E-01          6.895974E-01              1.329301E+04 
1.850000E-01          6.935911E-01              1.330003E+04 
1.860000E-01          6.975852E-01              1.330700E+04 
1.870000E-01          7.015795E-01              1.331393E+04 
1.880000E-01          7.055741E-01              1.332081E+04 
1.890000E-01          7.095689E-01              1.332765E+04 
1.900000E-01          7.135641E-01              1.333444E+04 
1.910000E-01          7.175595E-01              1.334118E+04 
1.920000E-01          7.215552E-01              1.334788E+04 
1.930000E-01          7.255512E-01              1.335453E+04 
1.940000E-01          7.295475E-01              1.336114E+04 
1.950000E-01          7.335440E-01              1.336771E+04 
1.960000E-01          7.375408E-01              1.337424E+04 
1.970000E-01          7.415378E-01              1.338072E+04 
1.980000E-01          7.455351E-01              1.338716E+04 
1.990000E-01          7.495327E-01              1.339356E+04 
2.000000E-01          7.535305E-01              1.339993E+04 
2.010000E-01          7.575286E-01              1.340625E+04 
2.020000E-01          7.615270E-01              1.341253E+04 
2.030000E-01          7.655256E-01              1.341877E+04 
2.040000E-01          7.695244E-01              1.342498E+04 
2.050000E-01          7.735235E-01              1.343115E+04 
2.060000E-01          7.775228E-01              1.343728E+04 
2.070000E-01          7.815224E-01              1.344338E+04 
2.080000E-01          7.855222E-01              1.344944E+04 
2.090000E-01          7.895222E-01              1.345547E+04 
2.100000E-01          7.935225E-01              1.346146E+04 
2.110000E-01          7.975230E-01              1.346742E+04 
2.120000E-01          8.015237E-01              1.347335E+04 
2.130000E-01          8.055247E-01              1.347925E+04 
2.140000E-01          8.095259E-01              1.348511E+04 
2.150000E-01          8.135273E-01              1.349095E+04 
2.160000E-01          8.175289E-01              1.349675E+04 
2.170000E-01          8.215307E-01              1.350253E+04 
2.180000E-01          8.255328E-01              1.350827E+04 
2.190000E-01          8.295351E-01              1.351399E+04 
2.200000E-01          8.335375E-01              1.351967E+04 
2.210000E-01          8.375402E-01              1.352533E+04 
2.220000E-01          8.415432E-01              1.353096E+04 
2.230000E-01          8.455463E-01              1.353657E+04 
2.240000E-01          8.495496E-01              1.354214E+04 
2.250000E-01          8.535532E-01              1.354769E+04 
2.260000E-01          8.575570E-01              1.355321E+04 
2.270000E-01          8.615609E-01              1.355870E+04 
2.280000E-01          8.655651E-01              1.356416E+04 
2.290000E-01          8.695695E-01              1.356960E+04 
2.300000E-01          8.735741E-01              1.357501E+04 
2.310000E-01          8.775789E-01              1.358040E+04 
2.320000E-01          8.815839E-01              1.358575E+04 
2.330000E-01          8.855892E-01              1.359109E+04 
2.340000E-01          8.895946E-01              1.359639E+04 
2.350000E-01          8.935997E-01              1.360180E+04 
2.360000E-01          8.976055E-01              1.360706E+04 
2.370000E-01          9.016116E-01              1.361230E+04 
2.380000E-01          9.056178E-01              1.361751E+04 
2.390000E-01          9.096242E-01              1.362269E+04 
2.400000E-01          9.136309E-01              1.362785E+04 
2.410000E-01          9.176377E-01              1.363298E+04 
2.420000E-01          9.216447E-01              1.363809E+04 
2.430000E-01          9.256515E-01              1.364330E+04 
2.440000E-01          9.296589E-01              1.364837E+04 
2.450000E-01          9.336665E-01              1.365341E+04 
2.460000E-01          9.376743E-01              1.365843E+04 
2.470000E-01          9.416824E-01              1.366343E+04 
2.480000E-01          9.456906E-01              1.366840E+04 
2.490000E-01          9.496990E-01              1.367335E+04 
2.500000E-01          9.537076E-01              1.367828E+04 
2.510000E-01          9.577163E-01              1.368318E+04 
2.520000E-01          9.617253E-01              1.368807E+04 
2.530000E-01          9.657345E-01              1.369293E+04 
2.540000E-01          9.697439E-01              1.369776E+04 
2.550000E-01          9.737531E-01              1.370268E+04 
2.560000E-01          9.777628E-01              1.370748E+04 
2.570000E-01          9.817727E-01              1.371226E+04 
2.580000E-01          9.857829E-01              1.371701E+04 
2.590000E-01          9.897932E-01              1.372174E+04 
2.600000E-01          9.938037E-01              1.372645E+04 
2.610000E-01          9.978144E-01              1.373114E+04 
2.620000E-01          1.001825E+00              1.373581E+04 
2.630000E-01          1.005836E+00              1.374045E+04 
2.640000E-01          1.009848E+00              1.374508E+04 
2.650000E-01          1.013859E+00              1.374976E+04 
2.660000E-01          1.017870E+00              1.375434E+04 
2.670000E-01          1.021882E+00              1.375891E+04 
2.680000E-01          1.025894E+00              1.376345E+04 
2.690000E-01          1.029906E+00              1.376797E+04 
2.700000E-01          1.033919E+00              1.377247E+04 
2.710000E-01          1.037931E+00              1.377695E+04 
2.720000E-01          1.041944E+00              1.378141E+04 
2.730000E-01          1.045957E+00              1.378584E+04 
2.740000E-01          1.049970E+00              1.379026E+04 
2.750000E-01          1.053983E+00              1.379473E+04 
2.760000E-01          1.057997E+00              1.379911E+04 
2.770000E-01          1.062011E+00              1.380347E+04 
2.780000E-01          1.066024E+00              1.380780E+04 
2.790000E-01          1.070038E+00              1.381220E+04 
2.800000E-01          1.074053E+00              1.381650E+04 
2.810000E-01          1.078067E+00              1.382078E+04 
2.820000E-01          1.082082E+00              1.382504E+04 
2.830000E-01          1.086096E+00              1.382928E+04 
2.840000E-01          1.090111E+00              1.383350E+04 
2.850000E-01          1.094127E+00              1.383770E+04 
2.860000E-01          1.098142E+00              1.384188E+04 
2.870000E-01          1.102157E+00              1.384609E+04 
2.880000E-01          1.106173E+00              1.385029E+04 
2.890000E-01          1.110189E+00              1.385441E+04 
2.900000E-01          1.114205E+00              1.385852E+04 
2.910000E-01          1.118221E+00              1.386260E+04 
2.920000E-01          1.122237E+00              1.386667E+04 
2.930000E-01          1.126254E+00              1.387072E+04 
2.940000E-01          1.130271E+00              1.387474E+04 
2.950000E-01          1.134288E+00              1.387875E+04 
2.960000E-01          1.138305E+00              1.388274E+04 
2.970000E-01          1.142322E+00              1.388671E+04 
2.980000E-01          1.146340E+00              1.389072E+04 
2.990000E-01          1.150358E+00              1.389466E+04 
3.000000E-01          1.154375E+00              1.389857E+04 
3.010000E-01          1.158393E+00              1.390247E+04 
3.020000E-01          1.162412E+00              1.390635E+04 
3.030000E-01          1.166430E+00              1.391021E+04 
3.040000E-01          1.170449E+00              1.391405E+04 
3.050000E-01          1.174468E+00              1.391788E+04 
3.060000E-01          1.178487E+00              1.392169E+04 
3.070000E-01          1.182506E+00              1.392547E+04 
3.080000E-01          1.186525E+00              1.392924E+04 
3.090000E-01          1.190545E+00              1.393299E+04 
3.100000E-01          1.194564E+00              1.393677E+04 
3.110000E-01          1.198584E+00              1.394048E+04 
3.120000E-01          1.202604E+00              1.394423E+04 
3.130000E-01          1.206624E+00              1.394791E+04 
3.140000E-01          1.210644E+00              1.395163E+04 
3.150000E-01          1.214665E+00              1.395528E+04 
3.160000E-01          1.218686E+00              1.395890E+04 
3.170000E-01          1.222706E+00              1.396258E+04 
3.180000E-01          1.226727E+00              1.396618E+04 
3.190000E-01          1.230749E+00              1.396975E+04 
3.200000E-01          1.234770E+00              1.397331E+04 
3.210000E-01          1.238792E+00              1.397685E+04 
3.220000E-01          1.242814E+00              1.398037E+04 
3.230000E-01          1.246835E+00              1.398388E+04 
3.240000E-01          1.250858E+00              1.398737E+04 
3.250000E-01          1.254880E+00              1.399084E+04 
3.260000E-01          1.258902E+00              1.399429E+04 
3.270000E-01          1.262925E+00              1.399777E+04 
3.280000E-01          1.266948E+00              1.400125E+04 
3.290000E-01          1.270971E+00              1.400466E+04 
3.300000E-01          1.274994E+00              1.400804E+04 
3.310000E-01          1.279017E+00              1.401141E+04 
3.320000E-01          1.283041E+00              1.401475E+04 
3.330000E-01          1.287065E+00              1.401807E+04 
3.340000E-01          1.291089E+00              1.402137E+04 
3.350000E-01          1.295113E+00              1.402465E+04 
3.360000E-01          1.299137E+00              1.402796E+04 
3.370000E-01          1.303161E+00              1.403123E+04 
3.380000E-01          1.307186E+00              1.403445E+04 
3.390000E-01          1.311211E+00              1.403765E+04 
3.400000E-01          1.315236E+00              1.404082E+04 
3.410000E-01          1.319262E+00              1.404395E+04 
3.420000E-01          1.323287E+00              1.404704E+04 
3.430000E-01          1.327313E+00              1.405012E+04 
3.440000E-01          1.331339E+00              1.405313E+04 
3.450000E-01          1.335365E+00              1.405612E+04 
3.460000E-01          1.339392E+00              1.405907E+04 
3.470000E-01          1.343419E+00              1.406202E+04 
3.480000E-01          1.347446E+00              1.406494E+04 
3.490000E-01          1.351473E+00              1.406774E+04 
3.500000E-01          1.355501E+00              1.407047E+04 
3.510000E-01          1.359529E+00              1.407315E+04 
3.520000E-01          1.363558E+00              1.407577E+04 
3.530000E-01          1.367587E+00              1.407833E+04 
3.540000E-01          1.371616E+00              1.408081E+04 
3.550000E-01          1.375645E+00              1.408324E+04 
3.560000E-01          1.379675E+00              1.408561E+04 
3.570000E-01          1.383705E+00              1.408788E+04 
3.580000E-01          1.387736E+00              1.409023E+04 
3.590000E-01          1.391767E+00              1.409234E+04 
3.600000E-01          1.395798E+00              1.409434E+04 
3.610000E-01          1.399831E+00              1.409621E+04 
3.620000E-01          1.403863E+00              1.409796E+04 
3.630000E-01          1.407896E+00              1.409961E+04 
3.640000E-01          1.411930E+00              1.410115E+04 
3.650000E-01          1.415965E+00              1.410249E+04 
3.660000E-01          1.420000E+00              1.410377E+04 
3.670000E-01          1.424035E+00              1.410483E+04 
3.680000E-01          1.428071E+00              1.410588E+04 
3.690000E-01          1.432109E+00              1.410657E+04 
3.700000E-01          1.436147E+00              1.410706E+04 
3.710000E-01          1.440185E+00              1.410753E+04 
3.720000E-01          1.444225E+00              1.410759E+04 
3.730000E-01          1.448266E+00              1.410729E+04 
3.740000E-01          1.452309E+00              1.410667E+04 
3.750000E-01          1.456353E+00              1.410563E+04 
3.760000E-01          1.460398E+00              1.410411E+04 
3.770000E-01          1.464446E+00              1.410207E+04 
3.780000E-01          1.468496E+00              1.409936E+04 
3.790000E-01          1.472549E+00              1.409586E+04 
3.800000E-01          1.476606E+00              1.409135E+04 
3.810000E-01          1.480667E+00              1.408558E+04 
3.820000E-01          1.484734E+00              1.407816E+04 
3.830000E-01          1.488807E+00              1.406890E+04 
3.840000E-01          1.492888E+00              1.405757E+04 
3.850000E-01          1.496979E+00              1.404318E+04 
3.860000E-01          1.501082E+00              1.402557E+04 
3.870000E-01          1.505197E+00              1.400461E+04 
3.880000E-01          1.509325E+00              1.398005E+04 
3.890000E-01          1.513457E+00              1.395427E+04 
3.900000E-01          1.517562E+00              1.393599E+04 
3.910000E-01          1.521658E+00              1.392077E+04 
3.920000E-01          1.525746E+00              1.390768E+04 
3.930000E-01          1.529831E+00              1.389527E+04 
3.940000E-01          1.533915E+00              1.388339E+04 
3.950000E-01          1.537993E+00              1.387322E+04 
3.960000E-01          1.542073E+00              1.386252E+04 
3.970000E-01          1.546153E+00              1.385207E+04 
3.980000E-01          1.550233E+00              1.384124E+04 
3.990000E-01          1.554314E+00              1.383054E+04 
4.000000E-01          1.558393E+00              1.382026E+04 
4.010000E-01          1.562474E+00              1.380944E+04 
4.020000E-01          1.566554E+00              1.379877E+04 
4.030000E-01          1.570634E+00              1.378844E+04 
4.040000E-01          1.574712E+00              1.377860E+04 
4.050000E-01          1.578784E+00              1.377048E+04 
4.060000E-01          1.582857E+00              1.376195E+04 
4.070000E-01          1.586934E+00              1.375249E+04 
4.080000E-01          1.591010E+00              1.374355E+04 
4.090000E-01          1.595086E+00              1.373428E+04 
4.100000E-01          1.599157E+00              1.372669E+04 
4.110000E-01          1.603228E+00              1.371902E+04 
4.120000E-01          1.607300E+00              1.371117E+04 
4.130000E-01          1.611372E+00              1.370333E+04 
4.140000E-01          1.615442E+00              1.369615E+04 
4.150000E-01          1.619513E+00              1.368847E+04 
4.160000E-01          1.623583E+00              1.368155E+04 
4.170000E-01          1.627651E+00              1.367485E+04 
4.180000E-01          1.631722E+00              1.366755E+04 
4.190000E-01          1.635795E+00              1.365944E+04 
4.200000E-01          1.639866E+00              1.365204E+04 
4.210000E-01          1.643938E+00              1.364459E+04 
4.220000E-01          1.648012E+00              1.363652E+04 
4.230000E-01          1.652081E+00              1.362972E+04 
4.240000E-01          1.656153E+00              1.362247E+04 
4.250000E-01          1.660227E+00              1.361442E+04 
4.260000E-01          1.664304E+00              1.360540E+04 
4.270000E-01          1.668379E+00              1.359730E+04 
4.280000E-01          1.672454E+00              1.358920E+04 
4.290000E-01          1.676524E+00              1.358232E+04 
4.300000E-01          1.680593E+00              1.357592E+04 
4.310000E-01          1.684664E+00              1.356884E+04 
4.320000E-01          1.688738E+00              1.356110E+04 
4.330000E-01          1.692813E+00              1.355320E+04 
4.340000E-01          1.696885E+00              1.354596E+04 
4.350000E-01          1.700958E+00              1.353841E+04 
4.360000E-01          1.705027E+00              1.353229E+04 
4.370000E-01          1.709096E+00              1.352620E+04 
4.380000E-01          1.713167E+00              1.351947E+04 
4.390000E-01          1.717241E+00              1.351178E+04 
4.400000E-01          1.721315E+00              1.350441E+04 
4.410000E-01          1.725387E+00              1.349740E+04 
4.420000E-01          1.729461E+00              1.348996E+04 
4.430000E-01          1.733535E+00              1.348250E+04 
4.440000E-01          1.737607E+00              1.347581E+04 
4.450000E-01          1.741680E+00              1.346856E+04 
4.460000E-01          1.745757E+00              1.346045E+04 
4.470000E-01          1.749837E+00              1.345160E+04 
4.480000E-01          1.753913E+00              1.344378E+04 
4.490000E-01          1.757990E+00              1.343561E+04 
4.500000E-01          1.762064E+00              1.342848E+04 
4.510000E-01          1.766137E+00              1.342146E+04 
4.520000E-01          1.770212E+00              1.341419E+04 
4.530000E-01          1.774289E+00              1.340630E+04 
4.540000E-01          1.778366E+00              1.339838E+04 
4.550000E-01          1.782441E+00              1.339097E+04 
4.560000E-01          1.786518E+00              1.338299E+04 
4.570000E-01          1.790590E+00              1.337682E+04 
4.580000E-01          1.794662E+00              1.337032E+04 
4.590000E-01          1.798738E+00              1.336288E+04 
4.600000E-01          1.802817E+00              1.335454E+04 
4.610000E-01          1.806894E+00              1.334682E+04 
4.620000E-01          1.810971E+00              1.333919E+04 
4.630000E-01          1.815051E+00              1.333095E+04 
4.640000E-01          1.819128E+00              1.332324E+04 
4.650000E-01          1.823204E+00              1.331597E+04 
4.660000E-01          1.827283E+00              1.330789E+04 
4.670000E-01          1.831365E+00              1.329890E+04 
4.680000E-01          1.835449E+00              1.328966E+04 
4.690000E-01          1.839530E+00              1.328116E+04 
4.700000E-01          1.843612E+00              1.327218E+04 
4.710000E-01          1.847688E+00              1.326513E+04 
4.720000E-01          1.851765E+00              1.325777E+04 
4.730000E-01          1.855844E+00              1.324999E+04 
4.740000E-01          1.859926E+00              1.324132E+04 
4.750000E-01          1.864006E+00              1.323335E+04 
4.760000E-01          1.868085E+00              1.322554E+04 
4.770000E-01          1.872166E+00              1.321728E+04 
4.780000E-01          1.876241E+00              1.321074E+04 
4.790000E-01          1.880317E+00              1.320379E+04 
4.800000E-01          1.884398E+00              1.319579E+04 
4.810000E-01          1.888482E+00              1.318667E+04 
4.820000E-01          1.892562E+00              1.317884E+04 
4.830000E-01          1.896643E+00              1.317085E+04 
4.840000E-01          1.900726E+00              1.316206E+04 
4.850000E-01          1.904806E+00              1.315439E+04 
4.860000E-01          1.908885E+00              1.314685E+04 
4.870000E-01          1.912969E+00              1.313825E+04 
4.880000E-01          1.917056E+00              1.312855E+04 
4.890000E-01          1.921142E+00              1.311916E+04 
4.900000E-01          1.925227E+00              1.311025E+04 
4.910000E-01          1.929312E+00              1.310133E+04 
4.920000E-01          1.933392E+00              1.309387E+04 
4.930000E-01          1.937473E+00              1.308612E+04 
4.940000E-01          1.941556E+00              1.307788E+04 
4.950000E-01          1.945642E+00              1.306864E+04 
4.960000E-01          1.949724E+00              1.306064E+04 
4.970000E-01          1.953807E+00              1.305249E+04 
4.980000E-01          1.957891E+00              1.304410E+04 
4.990000E-01          1.961969E+00              1.303723E+04 
5.000000E-01          1.966049E+00              1.302997E+04 
