     0.000000000000000       0.000000000000000 
     0.001000000000000       0.000000000000000 
     0.002000000000000       0.000000000000000 
     0.003000000000000       0.000000000000000 
     0.004000000000000       0.000000000000000 
     0.005000000000000       0.000000000000000 
     0.006000000000000       0.000000000000000 
     0.007000000000000       0.000000000000000 
     0.008000000000000       0.000000000000000 
     0.009000000000000       0.000000000000000 
     0.010000000000000       0.000000000000000 
     0.011000000000000       0.000000000000000 
     0.012000000000000       0.000000000000000 
     0.013000000000000       0.000000000000000 
     0.014000000000000       0.000000000000000 
     0.015000000000000       0.000000000000000 
     0.016000000000000       0.000000000000000 
     0.017000000000000       0.000000000000000 
     0.018000000000000       0.000000000000000 
     0.019000000000000       0.000000000000000 
     0.020000000000000       0.000000000000000 
     0.021000000000000       0.000000000000000 
     0.022000000000000       0.000000000000000 
     0.023000000000000       0.000000000000000 
     0.024000000000000       0.000000000000000 
     0.025000000000000       0.000000000000000 
     0.026000000000000       0.000000000000000 
     0.027000000000000       0.000000000000000 
     0.028000000000000       0.000000000000000 
     0.029000000000000       0.000000000000000 
     0.030000000000000       0.000000000000000 
     0.031000000000000       0.000000000000000 
     0.032000000000000       0.000000000000000 
     0.033000000000000       0.000000000000000 
     0.034000000000000       0.000000000000000 
     0.035000000000000       0.000000000000000 
     0.036000000000000       0.000000000000000 
     0.037000000000000       0.000000000000000 
     0.038000000000000       0.000000000000000 
     0.039000000000000       0.000000000000000 
     0.040000000000000       0.000000000000000 
     0.041000000000000       0.000000000000000 
     0.042000000000000       0.000000000000000 
     0.043000000000000       0.000000000000000 
     0.044000000000000       0.000000000000000 
     0.045000000000000       0.000000000000000 
     0.046000000000000       0.000000000000000 
     0.047000000000000       0.000000000000000 
     0.048000000000000       0.000000000000000 
     0.049000000000000       0.000000000000000 
     0.050000000000000       0.000000000000000 
     0.051000000000000       0.000000000000000 
     0.052000000000000       0.000000000000000 
     0.053000000000000       0.000000000000000 
     0.054000000000000       0.000000000000000 
     0.055000000000000       0.000000000000000 
     0.056000000000000       0.000000000000000 
     0.057000000000000       0.000000000000000 
     0.058000000000000       0.000000000000000 
     0.059000000000000       0.000000000000000 
     0.060000000000000       0.000000000000000 
     0.061000000000000       0.000000000000000 
     0.062000000000000       0.000000000000000 
     0.063000000000000       0.000000000000000 
     0.064000000000000       0.000000000000000 
     0.065000000000000       0.000000000000000 
     0.066000000000000       0.000000000000000 
     0.067000000000000       0.000000000000000 
     0.068000000000000       0.000000000000000 
     0.069000000000000       0.000000000000000 
     0.070000000000000       0.000000000000000 
     0.071000000000000       0.000000000000000 
     0.072000000000000       0.000000000000000 
     0.073000000000000       0.000000000000000 
     0.074000000000000       0.000000000000000 
     0.075000000000000       0.000000000000000 
     0.076000000000000       0.000000000000000 
     0.077000000000000       0.000000000000000 
     0.078000000000000       0.000000000000000 
     0.079000000000000       0.000000000000000 
     0.080000000000000       0.000000000000000 
     0.081000000000000       0.000000000000000 
     0.082000000000000       0.000000000000000 
     0.083000000000000       0.000000000000000 
     0.084000000000000       0.000000000000000 
     0.085000000000000       0.000000000000000 
     0.086000000000000       0.000000000000000 
     0.087000000000000       0.000000000000000 
     0.088000000000000       0.000000000000000 
     0.089000000000000       0.000000000000000 
     0.090000000000000       0.000000000000000 
     0.091000000000000       0.000000000000000 
     0.092000000000000       0.000000000000000 
     0.093000000000000       0.000000000000000 
     0.094000000000000       0.000000000000000 
     0.095000000000000       0.000000000000000 
     0.096000000000000       0.000000000000000 
     0.097000000000000       0.000000000000000 
     0.098000000000000       0.000000000000000 
     0.099000000000000       0.000000000000000 
     0.100000000000000       0.000000000000000 
     0.101000000000000       0.000000000000000 
     0.102000000000000       0.000000000000000 
     0.103000000000000       0.000000000000000 
     0.104000000000000       0.000000000000000 
     0.105000000000000       0.000000000000000 
     0.106000000000000       0.000000000000000 
     0.107000000000000       0.000000000000000 
     0.108000000000000       0.000000000000000 
     0.109000000000000       0.000000000000000 
     0.110000000000000       0.000000000000000 
     0.111000000000000       0.000000000000000 
     0.112000000000000       0.000000000000000 
     0.113000000000000       0.000000000000000 
     0.114000000000000       0.000000000000000 
     0.115000000000000       0.000000000000000 
     0.116000000000000       0.000000000000000 
     0.117000000000000       0.000000000000000 
     0.118000000000000       0.000000000000000 
     0.119000000000000       0.000000000000000 
     0.120000000000000       0.000000000000000 
     0.121000000000000       0.000000000000000 
     0.122000000000000       0.000000000000000 
     0.123000000000000       0.000000000000000 
     0.124000000000000       0.000000000000000 
     0.125000000000000       0.000000000000000 
     0.126000000000000       0.000000000000000 
     0.127000000000000       0.000000000000000 
     0.128000000000000       0.000000000000000 
     0.129000000000000       0.000000000000000 
     0.130000000000000       0.000000000000000 
     0.131000000000000       0.000000000000000 
     0.132000000000000       0.000000000000000 
     0.133000000000000       0.000000000000000 
     0.134000000000000       0.000000000000000 
     0.135000000000000       0.000000000000000 
     0.136000000000000       0.000000000000000 
     0.137000000000000       0.000000000000000 
     0.138000000000000       0.000000000000000 
     0.139000000000000       0.000000000000000 
     0.140000000000000       0.000000000000000 
     0.141000000000000       0.000000000000000 
     0.142000000000000       0.000000000000000 
     0.143000000000000       0.000000000000000 
     0.144000000000000       0.000000000000000 
     0.145000000000000       0.000000000000000 
     0.146000000000000       0.000000000000000 
     0.147000000000000       0.000000000000000 
     0.148000000000000       0.000000000000000 
     0.149000000000000       0.000000000000000 
     0.150000000000000       0.000000000000000 
     0.151000000000000       0.000000000000000 
     0.152000000000000       0.000000000000000 
     0.153000000000000       0.000000000000000 
     0.154000000000000       0.000000000000000 
     0.155000000000000       0.000000000000000 
     0.156000000000000       0.000000000000000 
     0.157000000000000       0.000000000000000 
     0.158000000000000       0.000000000000000 
     0.159000000000000       0.000000000000000 
     0.160000000000000       0.000000000000000 
     0.161000000000000       0.000000000000000 
     0.162000000000000       0.000000000000000 
     0.163000000000000       0.000000000000000 
     0.164000000000000       0.000000000000000 
     0.165000000000000       0.000000000000000 
     0.166000000000000       0.000000000000000 
     0.167000000000000       0.000000000000000 
     0.168000000000000       0.000000000000000 
     0.169000000000000       0.000000000000000 
     0.170000000000000       0.000000000000000 
     0.171000000000000       0.000000000000000 
     0.172000000000000       0.000000000000000 
     0.173000000000000       0.000000000000000 
     0.174000000000000       0.000000000000000 
     0.175000000000000       0.000000000000000 
     0.176000000000000       0.000000000000000 
     0.177000000000000       0.000000000000000 
     0.178000000000000       0.000000000000000 
     0.179000000000000       0.000000000000000 
     0.180000000000000       0.000000000000000 
     0.181000000000000       0.000000000000000 
     0.182000000000000       0.000000000000000 
     0.183000000000000       0.000000000000000 
     0.184000000000000       0.000000000000000 
     0.185000000000000       0.000000000000000 
     0.186000000000000       0.000000000000000 
     0.187000000000000       0.000000000000000 
     0.188000000000000       0.000000000000000 
     0.189000000000000       0.000000000000000 
     0.190000000000000       0.000000000000000 
     0.191000000000000       0.000000000000000 
     0.192000000000000       0.000000000000000 
     0.193000000000000       0.000000000000000 
     0.194000000000000       0.000000000000000 
     0.195000000000000       0.000000000000000 
     0.196000000000000       0.000000000000000 
     0.197000000000000       0.000000000000000 
     0.198000000000000       0.000000000000000 
     0.199000000000000       0.000000000000000 
     0.200000000000000       0.000000000000000 
     0.201000000000000       0.000000000000000 
     0.202000000000000       0.000000000000000 
     0.203000000000000       0.000000000000000 
     0.204000000000000       0.000000000000000 
     0.205000000000000       0.000000000000000 
     0.206000000000000       0.000000000000000 
     0.207000000000000       0.000000000000000 
     0.208000000000000       0.000000000000000 
     0.209000000000000       0.000000000000000 
     0.210000000000000       0.000000000000000 
     0.211000000000000       0.000000000000000 
     0.212000000000000       0.000000000000000 
     0.213000000000000       0.000000000000000 
     0.214000000000000       0.000000000000000 
     0.215000000000000       0.000000000000000 
     0.216000000000000       0.000000000000000 
     0.217000000000000       0.000000000000000 
     0.218000000000000       0.000000000000000 
     0.219000000000000       0.000000000000000 
     0.220000000000000       0.000000000000000 
     0.221000000000000       0.000000000000000 
     0.222000000000000       0.000000000000000 
     0.223000000000000       0.089880570330019 
     0.224000000000000       0.112582422776738 
     0.225000000000000       0.124605694838783 
     0.226000000000000       0.137119032185288 
     0.227000000000000       0.137487710777608 
     0.228000000000000       0.150331384838225 
     0.229000000000000       0.150656579894815 
     0.230000000000000       0.163647956266640 
     0.231000000000000       0.163991051150989 
     0.232000000000000       0.176861237459333 
     0.233000000000000       0.177167898937476 
     0.234000000000000       0.177446902694458 
     0.235000000000000       0.190732128034584 
     0.236000000000000       0.191119207818698 
     0.237000000000000       0.204104527744123 
     0.238000000000000       0.204466030625523 
     0.239000000000000       0.204785668750391 
     0.240000000000000       0.217838156897397 
     0.241000000000000       0.218142347656618 
     0.242000000000000       0.218441349906110 
     0.243000000000000       0.231390814203431 
     0.244000000000000       0.231697975942218 
     0.245000000000000       0.244689766569767 
     0.246000000000000       0.244994293000714 
     0.247000000000000       0.245303228448549 
     0.248000000000000       0.245603809375313 
     0.249000000000000       0.258608031977188 
     0.250000000000000       0.258899687881904 
     0.251000000000000       0.271922487559426 
     0.252000000000000       0.272172174411443 
     0.253000000000000       0.272395284414621 
     0.254000000000000       0.285322841375317 
     0.255000000000000       0.285476385685154 
     0.256000000000000       0.285589733829257 
     0.257000000000000       0.298563392432548 
     0.258000000000000       0.298641795234051 
     0.259000000000000       0.298679626248651 
     0.260000000000000       0.311407560129160 
     0.261000000000000       0.311350892094216 
     0.262000000000000       0.311251312071491 
     0.263000000000000       0.323911368174299 
     0.264000000000000       0.323758343277389 
     0.265000000000000       0.323597999385024 
     0.266000000000000       0.336270793705136 
     0.267000000000000       0.336147301522212 
     0.268000000000000       0.336065072331488 
     0.269000000000000       0.348960350565177 
     0.270000000000000       0.348974822069952 
     0.271000000000000       0.349011402578723 
     0.272000000000000       0.361912900651253 
     0.273000000000000       0.361991606061542 
     0.274000000000000       0.375014822316034 
     0.275000000000000       0.375177351124611 
     0.276000000000000       0.375374853013813 
     0.277000000000000       0.388454555234942 
     0.278000000000000       0.388659490165587 
     0.279000000000000       0.388859218361327 
     0.280000000000000       0.401994540755886 
     0.281000000000000       0.402210664057298 
     0.282000000000000       0.402421322043145 
     0.283000000000000       0.415545789267521 
     0.284000000000000       0.415731745038938 
     0.285000000000000       0.415913390854733 
     0.286000000000000       0.429089282197660 
     0.287000000000000       0.429281805823083 
     0.288000000000000       0.429464210312618 
     0.289000000000000       0.442585328835321 
     0.290000000000000       0.442736789916300 
     0.291000000000000       0.455898770927814 
     0.292000000000000       0.456038854711126 
     0.293000000000000       0.456165824839381 
     0.294000000000000       0.469273563592298 
     0.295000000000000       0.469363522679295 
     0.296000000000000       0.469433881084703 
     0.297000000000000       0.482583800100789 
     0.298000000000000       0.482660726848815 
     0.299000000000000       0.482723004861946 
     0.300000000000000       0.495795032535527 
     0.301000000000000       0.495827934205659 
     0.302000000000000       0.495853607074043 
     0.303000000000000       0.508982656177849 
     0.304000000000000       0.509020874768446 
     0.305000000000000       0.509043645660038 
     0.306000000000000       0.522101434337561 
     0.307000000000000       0.522099039428630 
     0.308000000000000       0.535217333920405 
     0.309000000000000       0.535228081318191 
     0.310000000000000       0.535229044031944 
     0.311000000000000       0.548268911729393 
     0.312000000000000       0.548243979682992 
     0.313000000000000       0.548205104246479 
     0.314000000000000       0.561305296694565 
     0.315000000000000       0.561287230136699 
     0.316000000000000       0.561259219012401 
     0.317000000000000       0.574284426422073 
     0.318000000000000       0.574245096724477 
     0.319000000000000       0.574212700278695 
     0.320000000000000       0.587317912313596 
     0.321000000000000       0.587332945908448 
     0.322000000000000       0.587351573513551 
     0.323000000000000       0.600429197403637 
     0.324000000000000       0.600440870270671 
     0.325000000000000       0.613588353222271 
     0.326000000000000       0.613629838299682 
     0.327000000000000       0.613673661832236 
     0.328000000000000       0.613711955631631 
     0.329000000000000       0.626809659228060 
     0.330000000000000       0.626837787062588 
     0.331000000000000       0.640001786147028 
     0.332000000000000       0.640058282396071 
     0.333000000000000       0.640101621252819 
     0.334000000000000       0.653220195269784 
     0.335000000000000       0.653236016896432 
     0.336000000000000       0.653243313690918 
     0.337000000000000       0.666426831788714 
     0.338000000000000       0.666450206026070 
     0.339000000000000       0.666457811644372 
     0.340000000000000       0.679545874360498 
     0.341000000000000       0.679526916157192 
     0.342000000000000       0.692665555994397 
     0.343000000000000       0.692662787677477 
     0.344000000000000       0.692657066425767 
     0.345000000000000       0.692639911348170 
     0.346000000000000       0.705711079936489 
     0.347000000000000       0.705679638488226 
     0.348000000000000       0.718815026350839 
     0.349000000000000       0.718819640078426 
     0.350000000000000       0.718819985866938 
     0.351000000000000       0.731923696790256 
     0.352000000000000       0.731914694145946 
     0.353000000000000       0.731906711558514 
     0.354000000000000       0.745083883945977 
     0.355000000000000       0.745102719432625 
     0.356000000000000       0.745113002689854 
     0.357000000000000       0.758216311576982 
     0.358000000000000       0.758199438607614 
     0.359000000000000       0.771352749233719 
     0.360000000000000       0.771354070203399 
     0.361000000000000       0.771340677431509 
     0.362000000000000       0.784432150429907 
     0.363000000000000       0.784392437268266 
     0.364000000000000       0.784333683320243 
     0.365000000000000       0.797480907417944 
     0.366000000000000       0.797442801346712 
     0.367000000000000       0.797385860185985 
     0.368000000000000       0.810440354204843 
     0.369000000000000       0.810350125494814 
     0.370000000000000       0.810249352017216 
     0.371000000000000       0.823357018600611 
     0.372000000000000       0.823268226297845 
     0.373000000000000       0.823159924206008 
     0.374000000000000       0.836163425534036 
     0.375000000000000       0.836019126919028 
     0.376000000000000       0.849071087544100 
     0.377000000000000       0.848939996953330 
     0.378000000000000       0.848790332108571 
     0.379000000000000       0.848618046457025 
     0.380000000000000       0.861574542643298 
     0.381000000000000       0.861375608826885 
     0.382000000000000       0.874389820768954 
     0.383000000000000       0.874206340903863 
     0.384000000000000       0.874001705977490 
     0.385000000000000       0.886915153375357 
     0.386000000000000       0.886672940930033 
     0.387000000000000       0.886424742899194 
     0.388000000000000       0.899390808843192 
     0.389000000000000       0.899156558625927 
     0.390000000000000       0.898896816472771 
     0.391000000000000       0.911765270321226 
     0.392000000000000       0.911470918122074 
     0.393000000000000       0.924386376942559 
     0.394000000000000       0.924106436888682 
     0.395000000000000       0.923810199096970 
     0.396000000000000       0.923495375228224 
     0.397000000000000       0.936313750200030 
     0.398000000000000       0.935968252922400 
     0.399000000000000       0.948833834409282 
     0.400000000000000       0.948516234365766 
     0.401000000000000       0.948193448041446 
     0.402000000000000       0.960994813953956 
     0.403000000000000       0.960663048532798 
     0.404000000000000       0.960330057505395 
     0.405000000000000       0.973190422064446 
     0.406000000000000       0.972891435198648 
     0.407000000000000       0.972586381466222 
     0.408000000000000       0.985416422150868 
     0.409000000000000       0.985094380873948 
     0.410000000000000       0.997974348326943 
     0.411000000000000       0.997678612545288 
     0.412000000000000       0.997381658475504 
     0.413000000000000       0.997074846943800 
     0.414000000000000       1.009913324015443 
     0.415000000000000       1.009594064529782 
     0.416000000000000       1.022498132408336 
     0.417000000000000       1.022209558671014 
     0.418000000000000       1.021903150163478 
     0.419000000000000       1.034755963342489 
     0.420000000000000       1.034420901045625 
     0.421000000000000       1.034078685919059 
     0.422000000000000       1.046987516131177 
     0.423000000000000       1.046660040828490 
     0.424000000000000       1.046310334493693 
     0.425000000000000       1.059122899419325 
     0.426000000000000       1.058738080621742 
     0.427000000000000       1.071588533613278 
     0.428000000000000       1.071213692727513 
     0.429000000000000       1.070822724725593 
     0.430000000000000       1.083592320854716 
     0.431000000000000       1.083163948494565 
     0.432000000000000       1.082705741004796 
     0.433000000000000       1.095503828038746 
     0.434000000000000       1.095050393927520 
     0.435000000000000       1.094571907703759 
     0.436000000000000       1.107262829014282 
     0.437000000000000       1.106730454327696 
     0.438000000000000       1.106192271811517 
     0.439000000000000       1.118914971112492 
     0.440000000000000       1.118374035889545 
     0.441000000000000       1.117802431048498 
     0.442000000000000       1.130401576932544 
     0.443000000000000       1.129784254754069 
     0.444000000000000       1.142415830602300 
     0.445000000000000       1.141795549102634 
     0.446000000000000       1.141150980569112 
     0.447000000000000       1.153673122650854 
     0.448000000000000       1.152974810117087 
     0.449000000000000       1.152250251205293 
     0.450000000000000       1.164794613738772 
     0.451000000000000       1.164069297063170 
     0.452000000000000       1.163307607047228 
     0.453000000000000       1.175723095162972 
     0.454000000000000       1.174901599130919 
     0.455000000000000       1.187324496790831 
     0.456000000000000       1.186491974986970 
     0.457000000000000       1.185634383886635 
     0.458000000000000       1.184741191287824 
     0.459000000000000       1.197026882956292 
     0.460000000000000       1.196066380163867 
     0.461000000000000       1.208365285921104 
     0.462000000000000       1.207396027142467 
     0.463000000000000       1.206386171202585 
     0.464000000000000       1.218542160123921 
     0.465000000000000       1.217461886075425 
     0.466000000000000       1.216344333000272 
     0.467000000000000       1.228488650919019 
     0.468000000000000       1.227344538621336 
     0.469000000000000       1.226151702962291 
     0.470000000000000       1.238133218409130 
     0.471000000000000       1.236865136528284 
     0.472000000000000       1.248827001748220 
     0.473000000000000       1.247528239247863 
     0.474000000000000       1.246206527497399 
     0.475000000000000       1.244858280216437 
     0.476000000000000       1.256689324496763 
     0.477000000000000       1.255290962846184 
     0.478000000000000       1.267140921651988 
     0.479000000000000       1.265739475161267 
     0.480000000000000       1.264302482470626 
     0.481000000000000       1.276054540123351 
     0.482000000000000       1.274565582425064 
     0.483000000000000       1.273061803996496 
     0.484000000000000       1.284817232043954 
     0.485000000000000       1.283302857193693 
     0.486000000000000       1.281750625527994 
     0.487000000000000       1.293395267421312 
     0.488000000000000       1.291784941809260 
     0.489000000000000       1.303434458533332 
     0.490000000000000       1.301792265851876 
     0.491000000000000       1.300108933110870 
     0.492000000000000       1.311605315156690 
     0.493000000000000       1.309843151387600 
     0.494000000000000       1.308035613330954 
     0.495000000000000       1.319490592447796 
     0.496000000000000       1.317642257021628 
     0.497000000000000       1.315736301703966 
     0.498000000000000       1.327012892383415 
     0.499000000000000       1.325007841885524 
     0.500000000000000       1.322958987199131 
