#INST  CMOD   FORCE   
0.000000E+00          0.000000E+00              0.000000E+00 
1.000000E-03          3.496073E-03              1.395915E+02 
2.000000E-03          6.992308E-03              2.791036E+02 
3.000000E-03          1.048865E-02              4.185638E+02 
4.000000E-03          1.398510E-02              5.580413E+02 
5.000000E-03          1.748166E-02              6.975362E+02 
6.000000E-03          2.097853E-02              8.369092E+02 
7.000000E-03          2.447619E-02              9.761891E+02 
8.000000E-03          2.797454E-02              1.115323E+03 
9.000000E-03          3.147369E-02              1.254278E+03 
1.000000E-02          3.497383E-02              1.393003E+03 
1.100000E-02          3.847491E-02              1.531510E+03 
1.200000E-02          4.197689E-02              1.669811E+03 
1.300000E-02          4.547982E-02              1.807890E+03 
1.400000E-02          4.898375E-02              1.945738E+03 
1.500000E-02          5.248860E-02              2.083374E+03 
1.600000E-02          5.599441E-02              2.220787E+03 
1.700000E-02          5.950126E-02              2.357954E+03 
1.800000E-02          6.300913E-02              2.494880E+03 
1.900000E-02          6.651798E-02              2.631577E+03 
2.000000E-02          7.002783E-02              2.768039E+03 
2.100000E-02          7.353872E-02              2.904255E+03 
2.200000E-02          7.705066E-02              3.040220E+03 
2.300000E-02          8.056369E-02              3.175926E+03 
2.400000E-02          8.407778E-02              3.311376E+03 
2.500000E-02          8.759299E-02              3.446557E+03 
2.600000E-02          9.110938E-02              3.581451E+03 
2.700000E-02          9.462695E-02              3.716055E+03 
2.800000E-02          9.814573E-02              3.850361E+03 
2.900000E-02          1.016658E-01              3.984358E+03 
3.000000E-02          1.051871E-01              4.118040E+03 
3.100000E-02          1.087097E-01              4.251392E+03 
3.200000E-02          1.122337E-01              4.384407E+03 
3.300000E-02          1.157590E-01              4.517074E+03 
3.400000E-02          1.192858E-01              4.649382E+03 
3.500000E-02          1.228139E-01              4.781331E+03 
3.600000E-02          1.263436E-01              4.912913E+03 
3.700000E-02          1.298747E-01              5.044115E+03 
3.800000E-02          1.334073E-01              5.174929E+03 
3.900000E-02          1.369414E-01              5.305359E+03 
4.000000E-02          1.404770E-01              5.435390E+03 
4.100000E-02          1.440143E-01              5.565019E+03 
4.200000E-02          1.475531E-01              5.694231E+03 
4.300000E-02          1.510935E-01              5.823025E+03 
4.400000E-02          1.546355E-01              5.951397E+03 
4.500000E-02          1.581792E-01              6.079335E+03 
4.600000E-02          1.617246E-01              6.206831E+03 
4.700000E-02          1.652716E-01              6.333890E+03 
4.800000E-02          1.688204E-01              6.460489E+03 
4.900000E-02          1.723708E-01              6.586633E+03 
5.000000E-02          1.759230E-01              6.712333E+03 
5.100000E-02          1.794769E-01              6.837565E+03 
5.200000E-02          1.830327E-01              6.962314E+03 
5.300000E-02          1.865903E-01              7.086560E+03 
5.400000E-02          1.901499E-01              7.210258E+03 
5.500000E-02          1.937119E-01              7.333342E+03 
5.600000E-02          1.972760E-01              7.455821E+03 
5.700000E-02          2.008425E-01              7.577681E+03 
5.800000E-02          2.044115E-01              7.698859E+03 
5.900000E-02          2.079832E-01              7.819290E+03 
6.000000E-02          2.115577E-01              7.938962E+03 
6.100000E-02          2.151351E-01              8.057846E+03 
6.200000E-02          2.187158E-01              8.175821E+03 
6.300000E-02          2.223000E-01              8.292846E+03 
6.400000E-02          2.258877E-01              8.408906E+03 
6.500000E-02          2.294791E-01              8.523955E+03 
6.600000E-02          2.330743E-01              8.637963E+03 
6.700000E-02          2.366738E-01              8.750778E+03 
6.800000E-02          2.402778E-01              8.862363E+03 
6.900000E-02          2.438861E-01              8.972746E+03 
7.000000E-02          2.474990E-01              9.081875E+03 
7.100000E-02          2.511168E-01              9.189642E+03 
7.200000E-02          2.547395E-01              9.296069E+03 
7.300000E-02          2.583668E-01              9.401204E+03 
7.400000E-02          2.619990E-01              9.504983E+03 
7.500000E-02          2.656362E-01              9.607386E+03 
7.600000E-02          2.692783E-01              9.708423E+03 
7.700000E-02          2.729255E-01              9.808052E+03 
7.800000E-02          2.765779E-01              9.906250E+03 
7.900000E-02          2.802355E-01              1.000298E+04 
8.000000E-02          2.838985E-01              1.009820E+04 
8.100000E-02          2.875668E-01              1.019194E+04 
8.200000E-02          2.912406E-01              1.028419E+04 
8.300000E-02          2.949195E-01              1.037500E+04 
8.400000E-02          2.986037E-01              1.046433E+04 
8.500000E-02          3.022927E-01              1.055223E+04 
8.600000E-02          3.059869E-01              1.063860E+04 
8.700000E-02          3.096864E-01              1.072350E+04 
8.800000E-02          3.133914E-01              1.080688E+04 
8.900000E-02          3.171018E-01              1.088872E+04 
9.000000E-02          3.208175E-01              1.096909E+04 
9.100000E-02          3.245388E-01              1.104789E+04 
9.200000E-02          3.282659E-01              1.112508E+04 
9.300000E-02          3.319984E-01              1.120074E+04 
9.400000E-02          3.357362E-01              1.127491E+04 
9.500000E-02          3.394793E-01              1.134761E+04 
9.600000E-02          3.432284E-01              1.141865E+04 
9.700000E-02          3.469829E-01              1.148816E+04 
9.800000E-02          3.507427E-01              1.155621E+04 
9.900000E-02          3.545084E-01              1.162261E+04 
1.000000E-01          3.582800E-01              1.168738E+04 
1.010000E-01          3.620572E-01              1.175056E+04 
1.020000E-01          3.658404E-01              1.181208E+04 
1.030000E-01          3.696301E-01              1.187183E+04 
1.040000E-01          3.734264E-01              1.192974E+04 
1.050000E-01          3.772295E-01              1.198579E+04 
1.060000E-01          3.810403E-01              1.203975E+04 
1.070000E-01          3.848586E-01              1.209165E+04 
1.080000E-01          3.886844E-01              1.214154E+04 
1.090000E-01          3.925175E-01              1.218944E+04 
1.100000E-01          3.963578E-01              1.223540E+04 
1.110000E-01          4.002059E-01              1.227927E+04 
1.120000E-01          4.040620E-01              1.232102E+04 
1.130000E-01          4.079263E-01              1.236058E+04 
1.140000E-01          4.117995E-01              1.239777E+04 
1.150000E-01          4.156828E-01              1.243231E+04 
1.160000E-01          4.195773E-01              1.246387E+04 
1.170000E-01          4.234847E-01              1.249204E+04 
1.180000E-01          4.274057E-01              1.251662E+04 
1.190000E-01          4.313372E-01              1.253843E+04 
1.200000E-01          4.352755E-01              1.255845E+04 
1.210000E-01          4.392187E-01              1.257722E+04 
1.220000E-01          4.431658E-01              1.259496E+04 
1.230000E-01          4.471163E-01              1.261181E+04 
1.240000E-01          4.510699E-01              1.262787E+04 
1.250000E-01          4.550261E-01              1.264326E+04 
1.260000E-01          4.589846E-01              1.265805E+04 
1.270000E-01          4.629453E-01              1.267230E+04 
1.280000E-01          4.669079E-01              1.268605E+04 
1.290000E-01          4.708724E-01              1.269936E+04 
1.300000E-01          4.748384E-01              1.271224E+04 
1.310000E-01          4.788060E-01              1.272475E+04 
1.320000E-01          4.827750E-01              1.273690E+04 
1.330000E-01          4.867453E-01              1.274875E+04 
1.340000E-01          4.907168E-01              1.276030E+04 
1.350000E-01          4.946894E-01              1.277159E+04 
1.360000E-01          4.986629E-01              1.278264E+04 
1.370000E-01          5.026374E-01              1.279348E+04 
1.380000E-01          5.066127E-01              1.280411E+04 
1.390000E-01          5.105888E-01              1.281455E+04 
1.400000E-01          5.145657E-01              1.282481E+04 
1.410000E-01          5.185433E-01              1.283491E+04 
1.420000E-01          5.225217E-01              1.284485E+04 
1.430000E-01          5.265006E-01              1.285464E+04 
1.440000E-01          5.304802E-01              1.286428E+04 
1.450000E-01          5.344605E-01              1.287379E+04 
1.460000E-01          5.384413E-01              1.288316E+04 
1.470000E-01          5.424227E-01              1.289240E+04 
1.480000E-01          5.464047E-01              1.290153E+04 
1.490000E-01          5.503872E-01              1.291053E+04 
1.500000E-01          5.543703E-01              1.291941E+04 
1.510000E-01          5.583538E-01              1.292818E+04 
1.520000E-01          5.623379E-01              1.293684E+04 
1.530000E-01          5.663225E-01              1.294540E+04 
1.540000E-01          5.703076E-01              1.295385E+04 
1.550000E-01          5.742932E-01              1.296219E+04 
1.560000E-01          5.782793E-01              1.297044E+04 
1.570000E-01          5.822658E-01              1.297858E+04 
1.580000E-01          5.862528E-01              1.298663E+04 
1.590000E-01          5.902403E-01              1.299459E+04 
1.600000E-01          5.942282E-01              1.300245E+04 
1.610000E-01          5.982166E-01              1.301022E+04 
1.620000E-01          6.022054E-01              1.301790E+04 
1.630000E-01          6.061946E-01              1.302549E+04 
1.640000E-01          6.101843E-01              1.303299E+04 
1.650000E-01          6.141743E-01              1.304042E+04 
1.660000E-01          6.181648E-01              1.304776E+04 
1.670000E-01          6.221557E-01              1.305501E+04 
1.680000E-01          6.261470E-01              1.306219E+04 
1.690000E-01          6.301387E-01              1.306929E+04 
1.700000E-01          6.341308E-01              1.307632E+04 
1.710000E-01          6.381233E-01              1.308327E+04 
1.720000E-01          6.421161E-01              1.309016E+04 
1.730000E-01          6.461093E-01              1.309697E+04 
1.740000E-01          6.501028E-01              1.310371E+04 
1.750000E-01          6.540967E-01              1.311039E+04 
1.760000E-01          6.580910E-01              1.311700E+04 
1.770000E-01          6.620856E-01              1.312355E+04 
1.780000E-01          6.660805E-01              1.313003E+04 
1.790000E-01          6.700758E-01              1.313645E+04 
1.800000E-01          6.740714E-01              1.314281E+04 
1.810000E-01          6.780674E-01              1.314912E+04 
1.820000E-01          6.820636E-01              1.315536E+04 
1.830000E-01          6.860602E-01              1.316154E+04 
1.840000E-01          6.900572E-01              1.316766E+04 
1.850000E-01          6.940544E-01              1.317372E+04 
1.860000E-01          6.980520E-01              1.317972E+04 
1.870000E-01          7.020499E-01              1.318567E+04 
1.880000E-01          7.060481E-01              1.319156E+04 
1.890000E-01          7.100466E-01              1.319739E+04 
1.900000E-01          7.140455E-01              1.320317E+04 
1.910000E-01          7.180446E-01              1.320889E+04 
1.920000E-01          7.220441E-01              1.321455E+04 
1.930000E-01          7.260439E-01              1.322016E+04 
1.940000E-01          7.300440E-01              1.322571E+04 
1.950000E-01          7.340444E-01              1.323121E+04 
1.960000E-01          7.380452E-01              1.323665E+04 
1.970000E-01          7.420462E-01              1.324203E+04 
1.980000E-01          7.460476E-01              1.324737E+04 
1.990000E-01          7.500492E-01              1.325264E+04 
2.000000E-01          7.540512E-01              1.325787E+04 
2.010000E-01          7.580535E-01              1.326304E+04 
2.020000E-01          7.620561E-01              1.326814E+04 
2.030000E-01          7.660591E-01              1.327317E+04 
2.040000E-01          7.700626E-01              1.327809E+04 
2.050000E-01          7.740667E-01              1.328288E+04 
2.060000E-01          7.780717E-01              1.328745E+04 
2.070000E-01          7.820776E-01              1.329182E+04 
2.080000E-01          7.860844E-01              1.329596E+04 
2.090000E-01          7.900920E-01              1.329991E+04 
2.100000E-01          7.941007E-01              1.330356E+04 
2.110000E-01          7.981107E-01              1.330689E+04 
2.120000E-01          8.021223E-01              1.330982E+04 
2.130000E-01          8.061354E-01              1.331234E+04 
2.140000E-01          8.101503E-01              1.331439E+04 
2.150000E-01          8.141674E-01              1.331585E+04 
2.160000E-01          8.181873E-01              1.331654E+04 
2.170000E-01          8.222106E-01              1.331628E+04 
2.180000E-01          8.262383E-01              1.331479E+04 
2.190000E-01          8.302716E-01              1.331169E+04 
2.200000E-01          8.343130E-01              1.330627E+04 
2.210000E-01          8.383647E-01              1.329792E+04 
2.220000E-01          8.424298E-01              1.328571E+04 
2.230000E-01          8.465153E-01              1.326765E+04 
2.240000E-01          8.506306E-01              1.324105E+04 
2.250000E-01          8.547818E-01              1.320419E+04 
2.260000E-01          8.589701E-01              1.315674E+04 
2.270000E-01          8.631825E-01              1.310244E+04 
2.280000E-01          8.673497E-01              1.306116E+04 
2.290000E-01          8.714841E-01              1.302930E+04 
2.300000E-01          8.755914E-01              1.300527E+04 
2.310000E-01          8.796836E-01              1.298560E+04 
2.320000E-01          8.837697E-01              1.296769E+04 
2.330000E-01          8.878494E-01              1.295170E+04 
2.340000E-01          8.919214E-01              1.293791E+04 
2.350000E-01          8.959924E-01              1.292443E+04 
2.360000E-01          9.000667E-01              1.291007E+04 
2.370000E-01          9.041350E-01              1.289746E+04 
2.380000E-01          9.082027E-01              1.288506E+04 
2.390000E-01          9.122642E-01              1.287446E+04 
2.400000E-01          9.163236E-01              1.286451E+04 
2.410000E-01          9.203847E-01              1.285410E+04 
2.420000E-01          9.244448E-01              1.284402E+04 
2.430000E-01          9.285031E-01              1.283449E+04 
2.440000E-01          9.325619E-01              1.282484E+04 
2.450000E-01          9.366167E-01              1.281638E+04 
2.460000E-01          9.406745E-01              1.280710E+04 
2.470000E-01          9.447354E-01              1.279698E+04 
2.480000E-01          9.487955E-01              1.278708E+04 
2.490000E-01          9.528558E-01              1.277720E+04 
2.500000E-01          9.569119E-01              1.276854E+04 
2.510000E-01          9.609673E-01              1.276008E+04 
2.520000E-01          9.650269E-01              1.275050E+04 
2.530000E-01          9.690917E-01              1.273944E+04 
2.540000E-01          9.731520E-01              1.272971E+04 
2.550000E-01          9.772142E-01              1.271948E+04 
2.560000E-01          9.812692E-01              1.271132E+04 
2.570000E-01          9.853262E-01              1.270263E+04 
2.580000E-01          9.893881E-01              1.269255E+04 
2.590000E-01          9.934514E-01              1.268213E+04 
2.600000E-01          9.975125E-01              1.267236E+04 
2.610000E-01          1.001576E+00              1.266187E+04 
2.620000E-01          1.005635E+00              1.265292E+04 
2.630000E-01          1.009695E+00              1.264353E+04 
2.640000E-01          1.013760E+00              1.263284E+04 
2.650000E-01          1.017825E+00              1.262196E+04 
2.660000E-01          1.021889E+00              1.261167E+04 
2.670000E-01          1.025951E+00              1.260185E+04 
2.680000E-01          1.030010E+00              1.259308E+04 
2.690000E-01          1.034071E+00              1.258360E+04 
2.700000E-01          1.038137E+00              1.257266E+04 
2.710000E-01          1.042200E+00              1.256278E+04 
2.720000E-01          1.046263E+00              1.255271E+04 
2.730000E-01          1.050324E+00              1.254347E+04 
2.740000E-01          1.054383E+00              1.253497E+04 
2.750000E-01          1.058444E+00              1.252554E+04 
2.760000E-01          1.062511E+00              1.251474E+04 
2.770000E-01          1.066572E+00              1.250546E+04 
2.780000E-01          1.070636E+00              1.249553E+04 
2.790000E-01          1.074693E+00              1.248741E+04 
2.800000E-01          1.078753E+00              1.247878E+04 
2.810000E-01          1.082817E+00              1.246875E+04 
2.820000E-01          1.086883E+00              1.245834E+04 
2.830000E-01          1.090947E+00              1.244864E+04 
2.840000E-01          1.095010E+00              1.243904E+04 
2.850000E-01          1.099069E+00              1.243078E+04 
2.860000E-01          1.103131E+00              1.242163E+04 
2.870000E-01          1.107198E+00              1.241095E+04 
2.880000E-01          1.111263E+00              1.240110E+04 
2.890000E-01          1.115328E+00              1.239106E+04 
2.900000E-01          1.119390E+00              1.238213E+04 
2.910000E-01          1.123451E+00              1.237340E+04 
2.920000E-01          1.127516E+00              1.236350E+04 
2.930000E-01          1.131585E+00              1.235258E+04 
2.940000E-01          1.135650E+00              1.234281E+04 
2.950000E-01          1.139717E+00              1.233251E+04 
2.960000E-01          1.143778E+00              1.232406E+04 
2.970000E-01          1.147841E+00              1.231489E+04 
2.980000E-01          1.151909E+00              1.230432E+04 
2.990000E-01          1.155977E+00              1.229389E+04 
3.000000E-01          1.160044E+00              1.228380E+04 
3.010000E-01          1.164110E+00              1.227412E+04 
3.020000E-01          1.168172E+00              1.226534E+04 
3.030000E-01          1.172238E+00              1.225561E+04 
3.040000E-01          1.176310E+00              1.224435E+04 
3.050000E-01          1.180377E+00              1.223434E+04 
3.060000E-01          1.184445E+00              1.222399E+04 
3.070000E-01          1.188509E+00              1.221514E+04 
3.080000E-01          1.192572E+00              1.220630E+04 
3.090000E-01          1.196640E+00              1.219624E+04 
3.100000E-01          1.200711E+00              1.218521E+04 
3.110000E-01          1.204779E+00              1.217533E+04 
3.120000E-01          1.208849E+00              1.216466E+04 
3.130000E-01          1.212912E+00              1.215603E+04 
3.140000E-01          1.216978E+00              1.214676E+04 
3.150000E-01          1.221049E+00              1.213616E+04 
3.160000E-01          1.225120E+00              1.212543E+04 
3.170000E-01          1.229188E+00              1.211535E+04 
3.180000E-01          1.233257E+00              1.210533E+04 
3.190000E-01          1.237322E+00              1.209654E+04 
3.200000E-01          1.241389E+00              1.208690E+04 
3.210000E-01          1.245463E+00              1.207573E+04 
3.220000E-01          1.249534E+00              1.206514E+04 
3.230000E-01          1.253605E+00              1.205448E+04 
3.240000E-01          1.257675E+00              1.204448E+04 
3.250000E-01          1.261742E+00              1.203503E+04 
3.260000E-01          1.265815E+00              1.202433E+04 
3.270000E-01          1.269892E+00              1.201217E+04 
3.280000E-01          1.273963E+00              1.200178E+04 
3.290000E-01          1.278036E+00              1.199099E+04 
3.300000E-01          1.282103E+00              1.198185E+04 
3.310000E-01          1.286171E+00              1.197257E+04 
3.320000E-01          1.290243E+00              1.196206E+04 
3.330000E-01          1.294317E+00              1.195096E+04 
3.340000E-01          1.298389E+00              1.194068E+04 
3.350000E-01          1.302461E+00              1.193027E+04 
3.360000E-01          1.306528E+00              1.192134E+04 
3.370000E-01          1.310598E+00              1.191163E+04 
3.380000E-01          1.314673E+00              1.190041E+04 
3.390000E-01          1.318747E+00              1.188973E+04 
3.400000E-01          1.322820E+00              1.187902E+04 
3.410000E-01          1.326892E+00              1.186899E+04 
3.420000E-01          1.330961E+00              1.185957E+04 
3.430000E-01          1.335035E+00              1.184911E+04 
3.440000E-01          1.339112E+00              1.183735E+04 
3.450000E-01          1.343185E+00              1.182708E+04 
3.460000E-01          1.347261E+00              1.181614E+04 
3.470000E-01          1.351330E+00              1.180700E+04 
3.480000E-01          1.355400E+00              1.179746E+04 
3.490000E-01          1.359476E+00              1.178654E+04 
3.500000E-01          1.363552E+00              1.177538E+04 
3.510000E-01          1.367627E+00              1.176477E+04 
3.520000E-01          1.371702E+00              1.175412E+04 
3.530000E-01          1.375772E+00              1.174480E+04 
3.540000E-01          1.379846E+00              1.173463E+04 
3.550000E-01          1.383925E+00              1.172295E+04 
3.560000E-01          1.388001E+00              1.171212E+04 
3.570000E-01          1.392077E+00              1.170125E+04 
3.580000E-01          1.396150E+00              1.169142E+04 
3.590000E-01          1.400221E+00              1.168205E+04 
3.600000E-01          1.404296E+00              1.167158E+04 
3.610000E-01          1.408376E+00              1.165992E+04 
3.620000E-01          1.412451E+00              1.164951E+04 
3.630000E-01          1.416529E+00              1.163846E+04 
3.640000E-01          1.420600E+00              1.162921E+04 
3.650000E-01          1.424673E+00              1.161954E+04 
3.660000E-01          1.428751E+00              1.160846E+04 
3.670000E-01          1.432830E+00              1.159715E+04 
3.680000E-01          1.436907E+00              1.158662E+04 
3.690000E-01          1.440983E+00              1.157611E+04 
3.700000E-01          1.445054E+00              1.156702E+04 
3.710000E-01          1.449129E+00              1.155711E+04 
3.720000E-01          1.453209E+00              1.154575E+04 
3.730000E-01          1.457286E+00              1.153507E+04 
3.740000E-01          1.461364E+00              1.152427E+04 
3.750000E-01          1.465439E+00              1.151427E+04 
3.760000E-01          1.469513E+00              1.150484E+04 
3.770000E-01          1.473590E+00              1.149431E+04 
3.780000E-01          1.477673E+00              1.148242E+04 
3.790000E-01          1.481750E+00              1.147183E+04 
3.800000E-01          1.485831E+00              1.146057E+04 
3.810000E-01          1.489906E+00              1.145089E+04 
3.820000E-01          1.493981E+00              1.144105E+04 
3.830000E-01          1.498061E+00              1.143001E+04 
3.840000E-01          1.502142E+00              1.141860E+04 
3.850000E-01          1.506221E+00              1.140789E+04 
3.860000E-01          1.510301E+00              1.139693E+04 
3.870000E-01          1.514376E+00              1.138744E+04 
3.880000E-01          1.518454E+00              1.137718E+04 
3.890000E-01          1.522536E+00              1.136558E+04 
3.900000E-01          1.526617E+00              1.135449E+04 
3.910000E-01          1.530698E+00              1.134336E+04 
3.920000E-01          1.534776E+00              1.133318E+04 
3.930000E-01          1.538852E+00              1.132372E+04 
3.940000E-01          1.542931E+00              1.131326E+04 
3.950000E-01          1.547015E+00              1.130143E+04 
3.960000E-01          1.551094E+00              1.129097E+04 
3.970000E-01          1.555176E+00              1.127993E+04 
3.980000E-01          1.559252E+00              1.127041E+04 
3.990000E-01          1.563329E+00              1.126057E+04 
4.000000E-01          1.567411E+00              1.124946E+04 
4.010000E-01          1.571494E+00              1.123807E+04 
4.020000E-01          1.575575E+00              1.122730E+04 
4.030000E-01          1.579657E+00              1.121641E+04 
4.040000E-01          1.583734E+00              1.120698E+04 
4.050000E-01          1.587813E+00              1.119674E+04 
4.060000E-01          1.591898E+00              1.118508E+04 
4.070000E-01          1.595981E+00              1.117403E+04 
4.080000E-01          1.600064E+00              1.116283E+04 
4.090000E-01          1.604145E+00              1.115239E+04 
4.100000E-01          1.608224E+00              1.114241E+04 
4.110000E-01          1.612307E+00              1.113126E+04 
4.120000E-01          1.616395E+00              1.111893E+04 
4.130000E-01          1.620479E+00              1.110770E+04 
4.140000E-01          1.624565E+00              1.109576E+04 
4.150000E-01          1.628646E+00              1.108561E+04 
4.160000E-01          1.632727E+00              1.107530E+04 
4.170000E-01          1.636812E+00              1.106390E+04 
4.180000E-01          1.640897E+00              1.105250E+04 
4.190000E-01          1.644981E+00              1.104150E+04 
4.200000E-01          1.649064E+00              1.103081E+04 
4.210000E-01          1.653143E+00              1.102115E+04 
4.220000E-01          1.657225E+00              1.101060E+04 
4.230000E-01          1.661313E+00              1.099872E+04 
4.240000E-01          1.665397E+00              1.098778E+04 
4.250000E-01          1.669482E+00              1.097652E+04 
4.260000E-01          1.673563E+00              1.096661E+04 
4.270000E-01          1.677644E+00              1.095663E+04 
4.280000E-01          1.681730E+00              1.094544E+04 
4.290000E-01          1.685817E+00              1.093373E+04 
4.300000E-01          1.689903E+00              1.092267E+04 
4.310000E-01          1.693988E+00              1.091155E+04 
4.320000E-01          1.698068E+00              1.090198E+04 
4.330000E-01          1.702151E+00              1.089167E+04 
4.340000E-01          1.706239E+00              1.088002E+04 
4.350000E-01          1.710325E+00              1.086896E+04 
4.360000E-01          1.714411E+00              1.085781E+04 
4.370000E-01          1.718494E+00              1.084757E+04 
4.380000E-01          1.722576E+00              1.083773E+04 
4.390000E-01          1.726662E+00              1.082680E+04 
4.400000E-01          1.730751E+00              1.081491E+04 
4.410000E-01          1.734837E+00              1.080404E+04 
4.420000E-01          1.738925E+00              1.079265E+04 
4.430000E-01          1.743006E+00              1.078311E+04 
4.440000E-01          1.747090E+00              1.077297E+04 
4.450000E-01          1.751178E+00              1.076152E+04 
4.460000E-01          1.755266E+00              1.075015E+04 
4.470000E-01          1.759354E+00              1.073905E+04 
4.480000E-01          1.763440E+00              1.072839E+04 
4.490000E-01          1.767522E+00              1.071870E+04 
4.500000E-01          1.771608E+00              1.070813E+04 
4.510000E-01          1.775699E+00              1.069625E+04 
4.520000E-01          1.779785E+00              1.068541E+04 
4.530000E-01          1.783874E+00              1.067422E+04 
4.540000E-01          1.787958E+00              1.066435E+04 
4.550000E-01          1.792042E+00              1.065444E+04 
4.560000E-01          1.796130E+00              1.064339E+04 
4.570000E-01          1.800220E+00              1.063173E+04 
4.580000E-01          1.804308E+00              1.062082E+04 
4.590000E-01          1.808397E+00              1.060958E+04 
4.600000E-01          1.812481E+00              1.059997E+04 
4.610000E-01          1.816566E+00              1.058972E+04 
4.620000E-01          1.820657E+00              1.057819E+04 
4.630000E-01          1.824747E+00              1.056691E+04 
4.640000E-01          1.828836E+00              1.055580E+04 
4.650000E-01          1.832923E+00              1.054527E+04 
4.660000E-01          1.837008E+00              1.053548E+04 
4.670000E-01          1.841096E+00              1.052484E+04 
4.680000E-01          1.845188E+00              1.051300E+04 
4.690000E-01          1.849277E+00              1.050233E+04 
4.700000E-01          1.853367E+00              1.049120E+04 
4.710000E-01          1.857452E+00              1.048142E+04 
4.720000E-01          1.861538E+00              1.047150E+04 
4.730000E-01          1.865628E+00              1.046039E+04 
4.740000E-01          1.869720E+00              1.044882E+04 
4.750000E-01          1.873810E+00              1.043785E+04 
4.760000E-01          1.877901E+00              1.042668E+04 
4.770000E-01          1.881986E+00              1.041699E+04 
4.780000E-01          1.886075E+00              1.040661E+04 
4.790000E-01          1.890167E+00              1.039495E+04 
4.800000E-01          1.894259E+00              1.038376E+04 
4.810000E-01          1.898350E+00              1.037261E+04 
4.820000E-01          1.902439E+00              1.036226E+04 
4.830000E-01          1.906525E+00              1.035247E+04 
4.840000E-01          1.910616E+00              1.034169E+04 
4.850000E-01          1.914710E+00              1.032980E+04 
4.860000E-01          1.918801E+00              1.031899E+04 
4.870000E-01          1.922893E+00              1.030766E+04 
4.880000E-01          1.926980E+00              1.029791E+04 
4.890000E-01          1.931069E+00              1.028779E+04 
4.900000E-01          1.935161E+00              1.027647E+04 
4.910000E-01          1.939255E+00              1.026491E+04 
4.920000E-01          1.943348E+00              1.025376E+04 
4.930000E-01          1.947440E+00              1.024261E+04 
4.940000E-01          1.951529E+00              1.023269E+04 
4.950000E-01          1.955620E+00              1.022207E+04 
4.960000E-01          1.959715E+00              1.021025E+04 
4.970000E-01          1.963807E+00              1.019922E+04 
4.980000E-01          1.967900E+00              1.018815E+04 
4.990000E-01          1.971990E+00              1.017805E+04 
5.000000E-01          1.976078E+00              1.016834E+04 
