-120.0
INSTANT - PROBABILITY- DISPLACEMENT - FORCE - ENERGIE - EXPANSION
 0.000000 0.000000 0.000000 0.000000 0.000000 0.000000
 0.000008 0.000000 0.040000 2.809571 0.000008 0.004750
 0.000016 0.000013 0.080000 5.359866 0.000011 0.015201
 0.000024 0.000767 0.120000 7.893211 0.163400 0.027416
 0.000032 0.019789 0.160000 10.555245 0.428462 0.033895
 0.000040 0.103691 0.200000 12.898025 0.797431 0.043306
 0.000048 0.269262 0.240000 14.716251 1.266496 0.057679
 0.000056 0.465404 0.280000 16.014851 1.818782 0.076724
 0.000064 0.645368 0.320000 16.966855 2.433404 0.097904
 0.000072 0.802824 0.360000 18.142249 3.093038 0.113213
 0.000080 0.900039 0.400000 19.010328 3.795220 0.128350
 0.000088 0.955994 0.440000 19.600754 4.538271 0.142347
 0.000096 0.981945 0.480000 19.984609 5.310493 0.156393
 0.000104 0.993081 0.520000 20.263227 6.102200 0.170662
 0.000112 0.997552 0.560000 20.268773 6.907157 0.183781
 0.000120 0.999128 0.600000 20.434930 7.717797 0.197735
 0.000128 0.999702 0.640000 20.578275 8.531871 0.211754
 0.000136 0.999899 0.680000 20.706020 9.352135 0.225773
 0.000144 0.999965 0.720000 20.821344 10.177821 0.239777
 0.000152 0.999988 0.760000 20.926749 11.008368 0.253755
 0.000160 0.999996 0.800000 20.786281 11.843330 0.266423
 0.000168 0.999998 0.840000 20.876440 12.683209 0.279850
 0.000176 0.999999 0.880000 20.958367 13.516464 0.293414
 0.000184 1.000000 0.920000 21.035876 14.353160 0.306982
 0.000192 1.000000 0.960000 21.109709 15.193045 0.320535
 0.000200 1.000000 1.000000 21.205743 16.035957 0.333656
 0.000208 1.000000 1.040000 21.235134 16.882266 0.344947
 0.000216 1.000000 1.080000 21.368788 17.731083 0.356201
 0.000224 1.000000 1.120000 21.467622 18.583162 0.367873
 0.000232 1.000000 1.160000 21.557901 19.439890 0.379641
 0.000240 1.000000 1.200000 21.680331 20.300400 0.390461
 0.000248 1.000000 1.240000 21.800464 21.165165 0.401528
 0.000256 1.000000 1.280000 22.368812 22.034781 0.414705
 0.000264 1.000000 1.320000 22.895157 22.918166 0.428743
 0.000272 1.000000 1.360000 23.242816 23.823446 0.442735
 0.000280 1.000000 1.400000 23.482823 24.746205 0.456451
 0.000288 1.000000 1.440000 23.647302 25.680718 0.469851
 0.000296 1.000000 1.480000 23.582328 26.623320 0.482524
 0.000304 1.000000 1.520000 23.686579 27.570512 0.495073
 0.000312 1.000000 1.560000 23.799401 28.515890 0.506951
 0.000320 1.000000 1.600000 23.889324 29.465610 0.518729
 0.000328 1.000000 1.640000 23.967860 30.419384 0.530569
 0.000336 1.000000 1.680000 24.037071 31.376528 0.542479
 0.000344 1.000000 1.720000 24.099502 32.336627 0.554430
 0.000352 1.000000 1.760000 24.132822 33.299358 0.566315
 0.000360 1.000000 1.800000 23.959355 34.264004 0.577391
 0.000368 1.000000 1.840000 24.006650 35.232787 0.589156
 0.000376 1.000000 1.880000 24.049304 36.192107 0.601040
 0.000384 1.000000 1.920000 24.089567 37.153226 0.612983
 0.000392 1.000000 1.960000 24.127820 38.116003 0.624969
 0.000400 1.000000 2.000000 24.157231 39.080351 0.637027
 0.000408 1.000000 2.040000 24.187094 40.046052 0.648846
 0.000416 1.000000 2.080000 24.007368 41.012939 0.659959
 0.000424 1.000000 2.120000 24.105787 41.984017 0.671355
 0.000432 1.000000 2.160000 24.191956 42.946280 0.682755
 0.000440 1.000000 2.200000 24.251610 43.912235 0.694370
 0.000448 1.000000 2.240000 24.298439 44.881106 0.706109
 0.000456 1.000000 2.280000 24.338156 45.852107 0.717939
 0.000464 1.000000 2.320000 24.521896 46.824839 0.730176
 0.000472 1.000000 2.360000 24.960203 47.802040 0.743852
 0.000480 1.000000 2.400000 25.315327 48.791682 0.756772
 0.000488 1.000000 2.440000 25.590089 49.797193 0.769824
 0.000496 1.000000 2.480000 25.822086 50.815301 0.782953
 0.000504 1.000000 2.520000 26.014419 51.843544 0.796155
 0.000512 1.000000 2.560000 26.164269 52.880274 0.809318
 0.000520 1.000000 2.600000 26.281493 53.923848 0.822566
 0.000528 1.000000 2.640000 26.376695 54.972763 0.835701
 0.000536 1.000000 2.680000 26.409048 56.025927 0.848724
 0.000544 1.000000 2.720000 26.366276 57.081642 0.861515
 0.000552 1.000000 2.760000 26.335660 58.138859 0.874138
 0.000560 1.000000 2.800000 26.387452 59.194123 0.886952
 0.000568 1.000000 2.840000 26.430938 60.248585 0.899866
 0.000576 1.000000 2.880000 26.449452 61.304953 0.912754
 0.000584 1.000000 2.920000 26.482718 62.362561 0.925700
 0.000592 1.000000 2.960000 26.511626 63.421204 0.938692
 0.000600 1.000000 3.000000 26.536767 64.481091 0.951711
 0.000608 1.000000 3.040000 26.557654 65.542059 0.964746
 0.000616 1.000000 3.080000 26.522309 66.603947 0.977663
 0.000624 1.000000 3.120000 26.360233 67.666960 0.990126
 0.000632 1.000000 3.160000 26.397842 68.731094 1.002538
 0.000640 1.000000 3.200000 26.443944 69.786256 1.015184
 0.000648 1.000000 3.240000 26.489130 70.843091 1.027779
 0.000656 1.000000 3.280000 26.592906 71.901753 1.039979
 0.000664 1.000000 3.320000 26.650549 72.963394 1.052587
 0.000672 1.000000 3.360000 26.688680 74.028263 1.065064
 0.000680 1.000000 3.400000 26.716309 75.095047 1.077614
 0.000688 1.000000 3.440000 26.681312 76.163147 1.090070
 0.000696 1.000000 3.480000 26.699628 77.232499 1.102563
 0.000704 1.000000 3.520000 26.571608 78.300118 1.114382
 0.000712 1.000000 3.560000 26.586555 79.370664 1.126885
 0.000720 1.000000 3.600000 26.593267 80.433827 1.139582
 0.000728 1.000000 3.640000 26.608756 81.497423 1.152282
 0.000736 1.000000 3.680000 26.668265 82.561464 1.164615
 0.000744 1.000000 3.720000 26.705304 83.627004 1.176888
 0.000752 1.000000 3.760000 26.998206 84.694476 1.190393
 0.000760 1.000000 3.800000 27.332339 85.768546 1.204925
 0.000768 1.000000 3.840000 27.598844 86.855157 1.219640
 0.000776 1.000000 3.880000 27.787318 87.953780 1.234236
 0.000784 1.000000 3.920000 27.881261 89.061504 1.248622
 0.000792 1.000000 3.960000 27.962446 90.174875 1.263070
 0.000800 1.000000 4.000000 28.027550 91.291749 1.277577
