-80.0
INSTANT - PROBABILITY- DISPLACEMENT - FORCE - ENERGIE - EXPANSION
 0.000000 0.000000 0.000000 0.000000 0.000000 0.000000
 0.000008 0.000000 0.040000 2.742393 0.000008 0.004842
 0.000016 0.000001 0.080000 5.085505 0.000011 0.019018
 0.000024 0.000083 0.120000 7.664196 0.156569 0.028423
 0.000032 0.001656 0.160000 10.159098 0.411563 0.035806
 0.000040 0.007085 0.200000 12.173242 0.768029 0.047704
 0.000048 0.017226 0.240000 13.589602 1.214676 0.064826
 0.000056 0.031199 0.280000 14.550664 1.729933 0.085585
 0.000064 0.050993 0.320000 15.297495 2.292738 0.104234
 0.000072 0.077702 0.360000 16.180148 2.889701 0.118728
 0.000080 0.108624 0.400000 16.834361 3.519254 0.134033
 0.000088 0.143760 0.440000 17.263698 4.179544 0.147986
 0.000096 0.179958 0.480000 17.554020 4.861505 0.161944
 0.000104 0.217318 0.520000 17.776359 5.557860 0.175970
 0.000112 0.256966 0.560000 17.766889 6.264467 0.188986
 0.000120 0.293070 0.600000 17.912069 6.975711 0.202552
 0.000128 0.329362 0.640000 18.040098 7.689290 0.216227
 0.000136 0.363588 0.680000 18.156674 8.408333 0.229903
 0.000144 0.397184 0.720000 18.264606 9.132269 0.243564
 0.000152 0.429422 0.760000 18.365594 9.860695 0.257206
 0.000160 0.464012 0.800000 18.244486 10.593299 0.269843
 0.000168 0.487339 0.840000 18.336837 11.330344 0.282861
 0.000176 0.515727 0.880000 18.419267 12.061971 0.296105
 0.000184 0.543199 0.920000 18.497973 12.797093 0.309374
 0.000192 0.569103 0.960000 18.573456 13.535438 0.322643
 0.000200 0.594341 1.000000 18.662229 14.276866 0.335655
 0.000208 0.621872 1.040000 18.683910 15.021580 0.347227
 0.000216 0.635171 1.080000 18.820626 15.768503 0.358220
 0.000224 0.652827 1.120000 18.920124 16.518594 0.369663
 0.000232 0.671275 1.160000 19.002161 17.273409 0.381350
 0.000240 0.688615 1.200000 19.115042 18.031854 0.392302
 0.000248 0.703359 1.240000 19.233216 18.794198 0.403135
 0.000256 0.721961 1.280000 19.787271 19.561164 0.416049
 0.000264 0.743636 1.320000 20.283863 20.341573 0.429839
 0.000272 0.764698 1.360000 20.595094 21.142996 0.443560
 0.000280 0.781122 1.400000 20.802922 21.960575 0.456971
 0.000288 0.795319 1.440000 20.950289 22.788535 0.470112
 0.000296 0.809609 1.480000 21.009855 23.623600 0.482920
 0.000304 0.817174 1.520000 20.988219 24.462803 0.495083
 0.000312 0.826283 1.560000 21.079265 25.303629 0.507416
 0.000320 0.834246 1.600000 21.173169 26.144979 0.519096
 0.000328 0.841745 1.640000 21.252656 26.990028 0.530752
 0.000336 0.849059 1.680000 21.321529 27.838544 0.542489
 0.000344 0.856264 1.720000 21.383287 28.690028 0.554264
 0.000352 0.863125 1.760000 21.418694 29.544124 0.565985
 0.000360 0.869309 1.800000 21.265547 30.400164 0.577021
 0.000368 0.873819 1.840000 21.314319 31.259975 0.588588
 0.000376 0.879922 1.880000 21.357784 32.111572 0.600298
 0.000384 0.886089 1.920000 21.398782 32.965014 0.612073
 0.000392 0.892029 1.960000 21.437704 33.820145 0.623895
 0.000400 0.897651 2.000000 21.474806 34.676875 0.635755
 0.000408 0.902999 2.040000 21.482773 35.535125 0.647578
 0.000416 0.907512 2.080000 21.321316 36.394277 0.658702
 0.000424 0.909566 2.120000 21.378028 37.256817 0.670211
 0.000432 0.912837 2.160000 21.468605 38.110804 0.681599
 0.000440 0.915389 2.200000 21.546435 38.967736 0.692947
 0.000448 0.918265 2.240000 21.601450 39.828037 0.704446
 0.000456 0.921429 2.280000 21.644773 40.690995 0.716069
 0.000464 0.924991 2.320000 21.900461 41.555919 0.728384
 0.000472 0.931173 2.360000 22.357903 42.426824 0.742088
 0.000480 0.938372 2.400000 22.552016 43.311991 0.755435
 0.000488 0.941563 2.440000 22.822632 44.210190 0.768258
 0.000496 0.944455 2.480000 23.039325 45.117683 0.781085
 0.000504 0.947323 2.520000 23.214825 46.034922 0.794030
 0.000512 0.950042 2.560000 23.348476 46.960005 0.806964
 0.000520 0.952499 2.600000 23.453642 47.891271 0.819880
 0.000528 0.954733 2.640000 23.536272 48.827313 0.832911
 0.000536 0.956981 2.680000 23.567538 49.767112 0.845720
 0.000544 0.958482 2.720000 23.627730 50.709188 0.858585
 0.000552 0.959922 2.760000 23.555430 51.653093 0.871096
 0.000560 0.960824 2.800000 23.545524 52.599648 0.883596
 0.000568 0.962211 2.840000 23.585506 53.542064 0.896346
 0.000576 0.963813 2.880000 23.602804 54.484684 0.909089
 0.000584 0.965189 2.920000 23.633412 55.428450 0.921890
 0.000592 0.966649 2.960000 23.660145 56.373175 0.934741
 0.000600 0.968055 3.000000 23.683600 57.319046 0.947623
 0.000608 0.969400 3.040000 23.703360 58.265921 0.960526
 0.000616 0.970692 3.080000 23.721299 59.213660 0.973455
 0.000624 0.971770 3.120000 23.687782 60.162153 0.986144
 0.000632 0.972325 3.160000 23.544780 61.111675 0.998175
 0.000640 0.973068 3.200000 23.558541 62.062047 1.010848
 0.000648 0.974051 3.240000 23.586187 63.004113 1.023383
 0.000656 0.974571 3.280000 23.629629 63.947008 1.036015
 0.000664 0.974938 3.320000 23.727285 64.891324 1.048286
 0.000672 0.975170 3.360000 23.790916 65.838462 1.060744
 0.000680 0.975477 3.400000 23.830303 66.788826 1.073120
 0.000688 0.975932 3.440000 23.857868 67.741251 1.085564
 0.000696 0.976401 3.480000 23.829511 68.695014 1.097786
 0.000704 0.976809 3.520000 23.718544 69.649896 1.109578
 0.000712 0.977249 3.560000 23.736388 70.605296 1.121916
 0.000720 0.977927 3.600000 23.749951 71.554394 1.134383
 0.000728 0.978702 3.640000 23.739763 72.504121 1.146895
 0.000736 0.979437 3.680000 23.750652 73.454323 1.159497
 0.000744 0.979978 3.720000 23.813308 74.404131 1.172035
 0.000752 0.980429 3.760000 24.121505 75.355410 1.185376
 0.000760 0.981608 3.800000 24.449528 76.314107 1.199725
 0.000768 0.982981 3.840000 24.699314 77.285527 1.214251
 0.000776 0.984223 3.880000 24.870031 78.268504 1.228653
 0.000784 0.985297 3.920000 24.988455 79.259891 1.242964
 0.000792 0.986165 3.960000 25.033720 80.257061 1.257183
 0.000800 0.986729 4.000000 25.094026 81.257504 1.271546
