-90.0
INSTANT - PROBABILITY- DISPLACEMENT - FORCE - ENERGIE - EXPANSION
 0.000000 0.000000 0.000000 0.000000 0.000000 0.000000
 0.000008 0.000000 0.040000 2.759332 0.000008 0.004817
 0.000016 0.000002 0.080000 5.151428 0.000011 0.018114
 0.000024 0.000161 0.120000 7.721628 0.158226 0.028186
 0.000032 0.003153 0.160000 10.259594 0.415687 0.035323
 0.000040 0.014102 0.200000 12.353985 0.775312 0.046650
 0.000048 0.035166 0.240000 13.857805 1.227583 0.063214
 0.000056 0.064285 0.280000 14.888194 1.751819 0.083717
 0.000064 0.103728 0.320000 15.679560 2.326739 0.102949
 0.000072 0.155700 0.360000 16.622158 2.938094 0.117564
 0.000080 0.213891 0.400000 17.317784 3.584129 0.132867
 0.000088 0.277724 0.440000 17.776422 4.262927 0.146821
 0.000096 0.340685 0.480000 18.082548 4.964812 0.160816
 0.000104 0.402485 0.520000 18.315452 5.681991 0.174908
 0.000112 0.464223 0.560000 18.307836 6.409951 0.187971
 0.000120 0.517613 0.600000 18.457243 7.142721 0.201611
 0.000128 0.568548 0.640000 18.588501 7.878023 0.215361
 0.000136 0.613540 0.680000 18.707339 8.618938 0.229112
 0.000144 0.654549 0.720000 18.816696 9.364855 0.242847
 0.000152 0.691463 0.760000 18.918659 10.115335 0.256560
 0.000160 0.728622 0.800000 18.792531 10.870042 0.269238
 0.000168 0.752263 0.840000 18.885411 11.629311 0.282320
 0.000176 0.779493 0.880000 18.967903 12.382870 0.295627
 0.000184 0.804263 0.920000 19.046553 13.139936 0.308958
 0.000192 0.826272 0.960000 19.121930 13.900226 0.322286
 0.000200 0.846407 1.000000 19.212858 14.663595 0.335315
 0.000208 0.864590 1.040000 19.238532 15.430291 0.346746
 0.000216 0.875451 1.080000 19.372749 16.199319 0.357852
 0.000224 0.887710 1.120000 19.472127 16.971544 0.369351
 0.000232 0.899576 1.160000 19.554237 17.748442 0.381089
 0.000240 0.909966 1.200000 19.671414 18.528969 0.391981
 0.000248 0.918483 1.240000 19.788887 19.313482 0.402862
 0.000256 0.928579 1.280000 20.346579 20.102688 0.415829
 0.000264 0.939483 1.320000 20.851217 20.905398 0.429675
 0.000272 0.949233 1.360000 21.170762 21.729353 0.443456
 0.000280 0.956265 1.400000 21.386001 22.569793 0.456935
 0.000288 0.961921 1.440000 21.537004 23.420928 0.470130
 0.000296 0.968844 1.480000 21.479981 24.279388 0.482674
 0.000304 0.970267 1.520000 21.574794 25.142009 0.495140
 0.000312 0.973052 1.560000 21.671833 26.003104 0.507383
 0.000320 0.975485 1.600000 21.764983 26.868037 0.519074
 0.000328 0.977726 1.640000 21.844426 27.736773 0.530771
 0.000336 0.979811 1.680000 21.913641 28.608961 0.542545
 0.000344 0.981764 1.720000 21.975768 29.484123 0.554357
 0.000352 0.983521 1.760000 22.010996 30.361911 0.566112
 0.000360 0.985019 1.800000 21.853385 31.241646 0.577167
 0.000368 0.986070 1.840000 21.902359 32.125238 0.588769
 0.000376 0.987424 1.880000 21.945916 33.000353 0.600513
 0.000384 0.988722 1.920000 21.987030 33.877319 0.612323
 0.000392 0.989900 1.960000 22.026057 34.755978 0.624179
 0.000400 0.990955 2.000000 22.063246 35.636239 0.636072
 0.000408 0.991907 2.040000 22.070660 36.518025 0.647927
 0.000416 0.992635 2.080000 21.910071 37.400704 0.659028
 0.000424 0.992971 2.120000 21.964232 38.286742 0.670577
 0.000432 0.993447 2.160000 22.066401 39.164228 0.681894
 0.000440 0.993848 2.200000 22.139620 40.044840 0.693295
 0.000448 0.994286 2.240000 22.192665 40.928961 0.704846
 0.000456 0.994742 2.280000 22.235285 41.815607 0.716513
 0.000464 0.995210 2.320000 22.475632 42.704166 0.728810
 0.000472 0.996080 2.360000 22.903305 43.598384 0.742454
 0.000480 0.996778 2.400000 23.159516 44.505963 0.755797
 0.000488 0.997108 2.440000 23.431245 45.427219 0.768637
 0.000496 0.997406 2.480000 23.651374 46.359034 0.781530
 0.000504 0.997683 2.520000 23.830203 47.300687 0.794528
 0.000512 0.997929 2.560000 23.967506 48.250318 0.807511
 0.000520 0.998139 2.600000 24.075140 49.206272 0.820550
 0.000528 0.998317 2.640000 24.161017 50.167125 0.833551
 0.000536 0.998488 2.680000 24.193410 51.131848 0.846392
 0.000544 0.998663 2.720000 24.188895 52.098937 0.859217
 0.000552 0.998737 2.760000 24.123404 53.066764 0.871687
 0.000560 0.998771 2.800000 24.171384 54.035629 0.884337
 0.000568 0.998859 2.840000 24.212131 55.001525 0.897124
 0.000576 0.998957 2.880000 24.229831 55.969195 0.909898
 0.000584 0.999039 2.920000 24.261129 56.938035 0.922728
 0.000592 0.999121 2.960000 24.288466 57.907854 0.935607
 0.000600 0.999196 3.000000 24.312391 58.878846 0.948517
 0.000608 0.999265 3.040000 24.332521 59.850863 0.961446
 0.000616 0.999328 3.080000 24.350781 60.823761 0.974401
 0.000624 0.999414 3.120000 24.229240 61.797427 0.986883
 0.000632 0.999422 3.160000 24.170317 62.773889 0.999111
 0.000640 0.999447 3.200000 24.196411 63.744237 1.011773
 0.000648 0.999480 3.240000 24.218755 64.711572 1.024336
 0.000656 0.999501 3.280000 24.274436 65.679875 1.036944
 0.000664 0.999512 3.320000 24.375907 66.649739 1.049127
 0.000672 0.999522 3.360000 24.431282 67.622746 1.061667
 0.000680 0.999536 3.400000 24.467182 68.598890 1.074072
 0.000688 0.999555 3.440000 24.493182 69.576859 1.086549
 0.000696 0.999574 3.480000 24.462660 70.556066 1.098797
 0.000704 0.999590 3.520000 24.347766 71.536404 1.110601
 0.000712 0.999606 3.560000 24.365271 72.517208 1.122966
 0.000720 0.999631 3.600000 24.378523 73.491469 1.135460
 0.000728 0.999658 3.640000 24.367850 74.466345 1.148020
 0.000736 0.999681 3.680000 24.398666 75.441699 1.160517
 0.000744 0.999696 3.720000 24.453456 76.417029 1.173051
 0.000752 0.999711 3.760000 24.757944 77.394072 1.186421
 0.000760 0.999746 3.800000 25.086728 78.378300 1.200806
 0.000768 0.999785 3.840000 25.340385 79.375193 1.215372
 0.000776 0.999816 3.880000 25.514872 80.383736 1.229815
 0.000784 0.999842 3.920000 25.635479 81.400841 1.244165
 0.000792 0.999860 3.960000 25.681190 82.423848 1.258414
 0.000800 0.999872 4.000000 25.742630 83.450181 1.272805
