-110.0
INSTANT - PROBABILITY- DISPLACEMENT - FORCE - ENERGIE - EXPANSION
 0.000000 0.000000 0.000000 0.000000 0.000000 0.000000
 0.000008 0.000000 0.040000 2.792959 0.000008 0.004771
 0.000016 0.000006 0.080000 5.289293 0.000011 0.016186
 0.000024 0.000469 0.120000 7.836562 0.161656 0.027660
 0.000032 0.010956 0.160000 10.458347 0.424173 0.034344
 0.000040 0.053908 0.200000 12.718457 0.790071 0.044419
 0.000048 0.140257 0.240000 14.423606 1.253608 0.059608
 0.000056 0.254163 0.280000 15.621570 1.796449 0.079275
 0.000064 0.383652 0.320000 16.513582 2.397352 0.099832
 0.000072 0.528460 0.360000 17.603356 3.040055 0.114816
 0.000080 0.656102 0.400000 18.403787 3.722394 0.130063
 0.000088 0.764803 0.440000 18.943115 4.442537 0.144013
 0.000096 0.843884 0.480000 19.293569 5.189475 0.158056
 0.000104 0.899775 0.520000 19.554005 5.954209 0.172274
 0.000112 0.937904 0.560000 19.554087 6.731160 0.185343
 0.000120 0.961467 0.600000 19.712923 7.513322 0.199201
 0.000128 0.976637 0.640000 19.851687 8.298662 0.213127
 0.000136 0.985818 0.680000 19.976120 9.089954 0.227051
 0.000144 0.991351 0.720000 20.089126 9.886510 0.240959
 0.000152 0.994673 0.760000 20.193142 10.687815 0.254840
 0.000160 0.996751 0.800000 20.059220 11.493461 0.267456
 0.000168 0.997875 0.840000 20.149220 12.303865 0.280793
 0.000176 0.998696 0.880000 20.231401 13.108034 0.294267
 0.000184 0.999203 0.920000 20.309426 13.915646 0.307749
 0.000192 0.999513 0.960000 20.383979 14.726463 0.321219
 0.000200 0.999706 1.000000 20.478624 15.540331 0.334301
 0.000208 0.999824 1.040000 20.506721 16.357583 0.345648
 0.000216 0.999874 1.080000 20.640760 17.177290 0.356845
 0.000224 0.999918 1.120000 20.739888 18.000239 0.368456
 0.000232 0.999948 1.160000 20.824571 18.827852 0.380259
 0.000240 0.999966 1.200000 20.948252 19.659142 0.391058
 0.000248 0.999978 1.240000 21.066217 20.494598 0.402055
 0.000256 0.999987 1.280000 21.630850 21.334887 0.415154
 0.000264 0.999993 1.320000 22.150630 22.188829 0.429123
 0.000272 0.999997 1.360000 22.488389 23.064458 0.443039
 0.000280 0.999998 1.400000 22.719985 23.957239 0.456670
 0.000288 0.999999 1.440000 22.879484 24.861406 0.469995
 0.000296 1.000000 1.480000 22.817631 25.773396 0.482622
 0.000304 1.000000 1.520000 22.916312 26.689812 0.495183
 0.000312 1.000000 1.560000 23.026236 27.604491 0.507160
 0.000320 1.000000 1.600000 23.117374 28.523342 0.518902
 0.000328 1.000000 1.640000 23.196308 29.446214 0.530689
 0.000336 1.000000 1.680000 23.265730 30.372488 0.542549
 0.000344 1.000000 1.720000 23.328240 31.301728 0.554449
 0.000352 1.000000 1.760000 23.362435 32.233608 0.566286
 0.000360 1.000000 1.800000 23.194080 33.167421 0.577390
 0.000368 1.000000 1.840000 23.242988 34.105286 0.589074
 0.000376 1.000000 1.880000 23.286222 35.034027 0.600902
 0.000384 1.000000 1.920000 23.327008 35.964611 0.612794
 0.000392 1.000000 1.960000 23.365741 36.896876 0.624730
 0.000400 1.000000 2.000000 23.395811 37.830731 0.636743
 0.000408 1.000000 2.040000 23.416765 38.765962 0.648578
 0.000416 1.000000 2.080000 23.248418 39.702213 0.659656
 0.000424 1.000000 2.120000 23.329058 40.642251 0.671144
 0.000432 1.000000 2.160000 23.423379 41.573800 0.682476
 0.000440 1.000000 2.200000 23.487270 42.508849 0.694012
 0.000448 1.000000 2.240000 23.536137 43.447062 0.705684
 0.000456 1.000000 2.280000 23.576948 44.387530 0.717455
 0.000464 1.000000 2.320000 23.782445 45.329792 0.729711
 0.000472 1.000000 2.360000 24.216847 46.276980 0.743398
 0.000480 1.000000 2.400000 24.537680 47.236966 0.756474
 0.000488 1.000000 2.440000 24.810790 48.212056 0.769434
 0.000496 1.000000 2.480000 25.038394 49.199026 0.782477
 0.000504 1.000000 2.520000 25.225347 50.196009 0.795603
 0.000512 1.000000 2.560000 25.370749 51.201284 0.808700
 0.000520 1.000000 2.600000 25.484686 52.213206 0.821871
 0.000528 1.000000 2.640000 25.576522 53.230315 0.834954
 0.000536 1.000000 2.680000 25.611671 54.251539 0.847860
 0.000544 1.000000 2.720000 25.566136 55.275303 0.860652
 0.000552 1.000000 2.760000 25.537121 56.300680 0.873302
 0.000560 1.000000 2.800000 25.587363 57.323906 0.886028
 0.000568 1.000000 2.840000 25.629963 58.346396 0.898893
 0.000576 1.000000 2.880000 25.648350 59.370742 0.911738
 0.000584 1.000000 2.920000 25.681042 60.396309 0.924640
 0.000592 1.000000 2.960000 25.709503 61.422896 0.937589
 0.000600 1.000000 3.000000 25.734276 62.450707 0.950566
 0.000608 1.000000 3.040000 25.754991 63.479583 0.963560
 0.000616 1.000000 3.080000 25.721075 64.509368 0.976442
 0.000624 1.000000 3.120000 25.588123 65.540246 0.988941
 0.000632 1.000000 3.160000 25.583171 66.571748 1.001338
 0.000640 1.000000 3.200000 25.632584 67.595372 1.013933
 0.000648 1.000000 3.240000 25.659670 68.619687 1.026606
 0.000656 1.000000 3.280000 25.761530 69.645532 1.038894
 0.000664 1.000000 3.320000 25.831528 70.673956 1.051380
 0.000672 1.000000 3.360000 25.875286 71.705817 1.063813
 0.000680 1.000000 3.400000 25.905673 72.739954 1.076307
 0.000688 1.000000 3.440000 25.928497 73.775573 1.088870
 0.000696 1.000000 3.480000 25.893156 74.812256 1.101182
 0.000704 1.000000 3.520000 25.770343 75.850103 1.112968
 0.000712 1.000000 3.560000 25.786023 76.888285 1.125426
 0.000720 1.000000 3.600000 25.793146 77.919413 1.138055
 0.000728 1.000000 3.640000 25.785460 78.950996 1.150635
 0.000736 1.000000 3.680000 25.851057 79.982876 1.163225
 0.000744 1.000000 3.720000 25.895340 81.015606 1.175457
 0.000752 1.000000 3.760000 26.192184 82.050534 1.188912
 0.000760 1.000000 3.800000 26.524395 83.092285 1.203391
 0.000768 1.000000 3.840000 26.786387 84.146616 1.218051
 0.000776 1.000000 3.880000 26.969657 85.212832 1.232589
 0.000784 1.000000 3.920000 27.061598 86.287953 1.246927
 0.000792 1.000000 3.960000 27.141395 87.368578 1.261332
 0.000800 1.000000 4.000000 27.205096 88.452638 1.275798
