-60.0
INSTANT - PROBABILITY- DISPLACEMENT - FORCE - ENERGIE - EXPANSION
 0.000000 0.000000 0.000000 0.000000 0.000000 0.000000
 0.000008 0.000000 0.040000 2.708506 0.000008 0.004893
 0.000016 0.000000 0.080000 4.961292 0.000011 0.020652
 0.000024 0.000027 0.120000 7.552536 0.153407 0.028819
 0.000032 0.000426 0.160000 9.960245 0.403683 0.036716
 0.000040 0.001662 0.200000 11.823742 0.753939 0.049637
 0.000048 0.003874 0.240000 13.090227 1.189619 0.067641
 0.000056 0.006868 0.280000 13.936203 1.687898 0.088691
 0.000064 0.011395 0.320000 14.606860 2.228427 0.106367
 0.000072 0.017535 0.360000 15.390879 2.799288 0.120665
 0.000080 0.024797 0.400000 15.978471 3.399243 0.135972
 0.000088 0.033203 0.440000 16.365034 4.026630 0.149904
 0.000096 0.042085 0.480000 16.630846 4.673500 0.163780
 0.000104 0.051644 0.520000 16.836338 5.333417 0.177686
 0.000112 0.062254 0.560000 16.824628 6.002761 0.190622
 0.000120 0.072121 0.600000 16.962422 6.676449 0.204060
 0.000128 0.082557 0.640000 17.085029 7.352190 0.217605
 0.000136 0.093038 0.680000 17.197826 8.033139 0.231153
 0.000144 0.103953 0.720000 17.303119 8.718796 0.244690
 0.000152 0.114904 0.760000 17.402152 9.408815 0.258212
 0.000160 0.127257 0.800000 17.289618 10.102920 0.270783
 0.000168 0.135923 0.840000 17.380731 10.801257 0.283697
 0.000176 0.146918 0.880000 17.462636 11.494664 0.296835
 0.000184 0.158072 0.920000 17.540947 12.191531 0.310001
 0.000192 0.169027 0.960000 17.616112 12.891603 0.323169
 0.000200 0.180181 1.000000 17.700321 13.594744 0.336155
 0.000208 0.193229 1.040000 17.719263 14.301073 0.347822
 0.000216 0.199773 1.080000 17.855678 15.009465 0.358735
 0.000224 0.208642 1.120000 17.954900 15.720963 0.370096
 0.000232 0.218254 1.160000 18.036513 16.437175 0.381699
 0.000240 0.227927 1.200000 18.141100 17.157003 0.392771
 0.000248 0.236214 1.240000 18.260798 17.880556 0.403528
 0.000256 0.247188 1.280000 18.807315 18.608593 0.416347
 0.000264 0.260856 1.320000 19.286906 19.349956 0.430037
 0.000272 0.274698 1.360000 19.584235 20.111840 0.443655
 0.000280 0.286183 1.400000 19.779393 20.889263 0.456954
 0.000288 0.296600 1.440000 19.920338 21.676536 0.470007
 0.000296 0.307820 1.480000 19.977937 22.470530 0.482750
 0.000304 0.313996 1.520000 19.957306 23.268496 0.494861
 0.000312 0.321554 1.560000 20.036749 24.068026 0.507344
 0.000320 0.328821 1.600000 20.131743 24.867907 0.519040
 0.000328 0.335489 1.640000 20.211369 25.671277 0.530632
 0.000336 0.342281 1.680000 20.279490 26.478139 0.542311
 0.000344 0.349171 1.720000 20.340324 27.287956 0.554029
 0.000352 0.356056 1.760000 20.375661 28.100352 0.565694
 0.000360 0.362559 1.800000 20.230222 28.914672 0.576700
 0.000368 0.367388 1.840000 20.278294 29.732607 0.588212
 0.000376 0.374200 1.880000 20.321184 30.542778 0.599866
 0.000384 0.381351 1.920000 20.361608 31.354767 0.611584
 0.000392 0.388568 1.960000 20.400014 32.168423 0.623350
 0.000400 0.395684 2.000000 20.436647 32.983656 0.635156
 0.000408 0.402678 2.040000 20.445394 33.800389 0.646930
 0.000416 0.410709 2.080000 20.279432 34.618030 0.658163
 0.000424 0.412663 2.120000 20.342333 35.439165 0.669571
 0.000432 0.417569 2.160000 20.411213 36.251600 0.681065
 0.000440 0.421298 2.200000 20.497963 37.066671 0.692337
 0.000448 0.425336 2.240000 20.556843 37.884854 0.703748
 0.000456 0.430039 2.280000 20.601372 38.705950 0.715295
 0.000464 0.435983 2.320000 20.881806 39.529115 0.727645
 0.000472 0.446789 2.360000 21.329807 40.358778 0.741312
 0.000480 0.461719 2.400000 21.492368 41.203011 0.754702
 0.000488 0.467294 2.440000 21.744164 42.059454 0.767592
 0.000496 0.472721 2.480000 21.955280 42.924185 0.780313
 0.000504 0.478416 2.520000 22.124871 43.798174 0.793170
 0.000512 0.484145 2.560000 22.252265 44.679777 0.806026
 0.000520 0.489623 2.600000 22.351508 45.567319 0.818870
 0.000528 0.494812 2.640000 22.429569 46.459395 0.831825
 0.000536 0.501349 2.680000 22.457821 47.355016 0.844610
 0.000544 0.504403 2.720000 22.516008 48.252764 0.857402
 0.000552 0.508541 2.760000 22.446093 49.152241 0.869873
 0.000560 0.510519 2.800000 22.436597 50.054279 0.882338
 0.000568 0.514167 2.840000 22.474710 50.952313 0.895038
 0.000576 0.518616 2.880000 22.491108 51.850539 0.907737
 0.000584 0.522553 2.920000 22.520319 52.749855 0.920493
 0.000592 0.526900 2.960000 22.545853 53.650084 0.933299
 0.000600 0.531296 3.000000 22.568337 54.551407 0.946139
 0.000608 0.535615 3.040000 22.587259 55.453691 0.959002
 0.000616 0.539897 3.080000 22.604531 56.356803 0.971891
 0.000624 0.543572 3.120000 22.572575 57.260639 0.984549
 0.000632 0.545531 3.160000 22.435708 58.165459 0.996573
 0.000640 0.548178 3.200000 22.448801 59.071100 1.009213
 0.000648 0.552407 3.240000 22.462901 59.968790 1.021811
 0.000656 0.554586 3.280000 22.503044 60.867024 1.034387
 0.000664 0.556622 3.320000 22.569784 61.766343 1.046899
 0.000672 0.557558 3.360000 22.651974 62.667799 1.059233
 0.000680 0.558551 3.400000 22.699155 63.572234 1.071591
 0.000688 0.559941 3.440000 22.730016 64.479257 1.083983
 0.000696 0.561740 3.480000 22.705258 65.387840 1.096186
 0.000704 0.563725 3.520000 22.600138 66.297536 1.108017
 0.000712 0.564917 3.560000 22.619672 67.207849 1.120272
 0.000720 0.567546 3.600000 22.633867 68.112245 1.132687
 0.000728 0.570769 3.640000 22.629550 69.017316 1.145110
 0.000736 0.573948 3.680000 22.636042 69.922757 1.157701
 0.000744 0.577100 3.720000 22.673904 70.828069 1.170321
 0.000752 0.579084 3.760000 22.990657 71.734268 1.183724
 0.000760 0.584493 3.800000 23.317059 72.647559 1.198010
 0.000768 0.591275 3.840000 23.559654 73.573713 1.212465
 0.000776 0.597945 3.880000 23.723606 74.511248 1.226799
 0.000784 0.603869 3.920000 23.838376 75.456913 1.241045
 0.000792 0.609552 3.960000 23.882541 76.408152 1.255222
 0.000800 0.612739 4.000000 23.940956 77.362571 1.269528
