-100.0
INSTANT - PROBABILITY- DISPLACEMENT - FORCE - ENERGIE - EXPANSION
 0.000000 0.000000 0.000000 0.000000 0.000000 0.000000
 0.000008 0.000000 0.040000 2.776202 0.000008 0.004793
 0.000016 0.000004 0.080000 5.219445 0.000011 0.017167
 0.000024 0.000279 0.120000 7.779591 0.159924 0.027917
 0.000032 0.005880 0.160000 10.359889 0.419905 0.034821
 0.000040 0.027694 0.200000 12.536566 0.782694 0.045538
 0.000048 0.070806 0.240000 14.136596 1.240623 0.061461
 0.000056 0.129870 0.280000 15.245541 1.774087 0.081607
 0.000064 0.204764 0.320000 16.084618 2.361729 0.101491
 0.000072 0.298599 0.360000 17.095927 2.988333 0.116279
 0.000080 0.395982 0.400000 17.839914 3.651944 0.131568
 0.000088 0.494745 0.440000 18.335292 4.350660 0.145509
 0.000096 0.583168 0.480000 18.660866 5.074164 0.159532
 0.000104 0.661419 0.520000 18.906335 5.814088 0.173690
 0.000112 0.730691 0.560000 18.901601 6.565432 0.186793
 0.000120 0.784047 0.600000 19.055696 7.321780 0.200517
 0.000128 0.829416 0.640000 19.190532 8.080926 0.214350
 0.000136 0.864885 0.680000 19.311987 8.845850 0.228184
 0.000144 0.893006 0.720000 19.422998 9.615901 0.242000
 0.000152 0.915189 0.760000 19.525930 10.390600 0.255792
 0.000160 0.934769 0.800000 19.394242 11.169579 0.268516
 0.000168 0.945830 0.840000 19.487631 11.953250 0.281670
 0.000176 0.957258 0.880000 19.570058 12.730887 0.295050
 0.000184 0.966436 0.920000 19.648485 13.512041 0.308450
 0.000192 0.973651 0.960000 19.723557 14.296412 0.321843
 0.000200 0.979467 1.000000 19.816387 15.083853 0.334895
 0.000208 0.984064 1.040000 19.843799 15.874652 0.346272
 0.000216 0.986520 1.080000 19.977822 16.667855 0.357425
 0.000224 0.989075 1.120000 20.076989 17.464288 0.368979
 0.000232 0.991287 1.160000 20.159011 18.265384 0.380771
 0.000240 0.992995 1.200000 20.280967 19.070104 0.391589
 0.000248 0.994276 1.240000 20.398707 19.878904 0.402528
 0.000256 0.995621 1.280000 20.959818 20.692497 0.415559
 0.000264 0.996869 1.320000 21.472193 21.519668 0.429465
 0.000272 0.997808 1.360000 21.800227 22.368308 0.443310
 0.000280 0.998384 1.400000 22.023341 23.233756 0.456862
 0.000288 0.998783 1.440000 22.178312 24.110228 0.470118
 0.000296 0.999190 1.480000 22.119128 24.994261 0.482701
 0.000304 0.999264 1.520000 22.215839 25.882577 0.495212
 0.000312 0.999395 1.560000 22.319313 26.769276 0.507330
 0.000320 0.999502 1.600000 22.411456 27.659979 0.519040
 0.000328 0.999591 1.640000 22.490689 28.554595 0.530781
 0.000336 0.999666 1.680000 22.560080 29.452637 0.542595
 0.000344 0.999729 1.720000 22.622443 30.353653 0.554449
 0.000352 0.999780 1.760000 22.657260 31.257303 0.566243
 0.000360 0.999819 1.800000 22.494567 32.162897 0.577320
 0.000368 0.999844 1.840000 22.543596 33.072442 0.588961
 0.000376 0.999874 1.880000 22.587079 33.973205 0.600744
 0.000384 0.999899 1.920000 22.628126 34.875818 0.612593
 0.000392 0.999919 1.960000 22.667103 35.780122 0.624487
 0.000400 0.999936 2.000000 22.697659 36.686027 0.636460
 0.000408 0.999949 2.040000 22.710891 37.593322 0.648308
 0.000416 0.999957 2.080000 22.551355 38.501493 0.659361
 0.000424 0.999961 2.120000 22.614189 39.413120 0.670914
 0.000432 0.999966 2.160000 22.716561 40.316430 0.682210
 0.000440 0.999970 2.200000 22.785043 41.223045 0.693675
 0.000448 0.999974 2.240000 22.836008 42.133078 0.705284
 0.000456 0.999979 2.280000 22.877793 43.045499 0.717001
 0.000464 0.999982 2.320000 23.101386 43.959775 0.729274
 0.000472 0.999988 2.360000 23.532517 44.879358 0.742939
 0.000480 0.999992 2.400000 23.821187 45.812036 0.756146
 0.000488 0.999993 2.440000 24.093095 46.759110 0.769043
 0.000496 0.999995 2.480000 24.316795 47.717396 0.782009
 0.000504 0.999996 2.520000 24.499253 48.685594 0.795069
 0.000512 0.999997 2.560000 24.640442 49.661915 0.808106
 0.000520 0.999997 2.600000 24.751139 50.644709 0.821221
 0.000528 0.999998 2.640000 24.839869 51.632540 0.834252
 0.000536 0.999998 2.680000 24.873335 52.624360 0.847131
 0.000544 0.999999 2.720000 24.826943 53.618625 0.859946
 0.000552 0.999999 2.760000 24.801567 54.614486 0.872499
 0.000560 0.999999 2.800000 24.850671 55.608071 0.885182
 0.000568 0.999999 2.840000 24.892334 56.601116 0.898005
 0.000576 0.999999 2.880000 24.910403 57.595976 0.910811
 0.000584 0.999999 2.920000 24.942385 58.592031 0.923675
 0.000592 0.999999 2.960000 24.970287 59.589086 0.936586
 0.000600 1.000000 3.000000 24.994636 60.587340 0.949526
 0.000608 1.000000 3.040000 25.015063 61.586638 0.962486
 0.000616 1.000000 3.080000 24.982376 62.586832 0.975337
 0.000624 1.000000 3.120000 24.853500 63.588088 0.987816
 0.000632 1.000000 3.160000 24.848367 64.589961 1.000188
 0.000640 1.000000 3.200000 24.886743 65.584204 1.012821
 0.000648 1.000000 3.240000 24.911043 66.578906 1.025445
 0.000656 1.000000 3.280000 24.990179 67.574862 1.037906
 0.000664 1.000000 3.320000 25.074216 68.572886 1.050294
 0.000672 1.000000 3.360000 25.124284 69.574174 1.062701
 0.000680 1.000000 3.400000 25.157600 70.578144 1.075149
 0.000688 1.000000 3.440000 25.182013 71.583782 1.087666
 0.000696 1.000000 3.480000 25.149199 72.590574 1.099943
 0.000704 1.000000 3.520000 25.031028 73.598511 1.111709
 0.000712 1.000000 3.560000 25.047246 74.606842 1.124130
 0.000720 1.000000 3.600000 25.059965 75.608408 1.136663
 0.000728 1.000000 3.640000 25.048343 76.610552 1.149254
 0.000736 1.000000 3.680000 25.094277 77.613183 1.161951
 0.000744 1.000000 3.720000 25.146240 78.616035 1.174195
 0.000752 1.000000 3.760000 25.447433 79.620846 1.187607
 0.000760 1.000000 3.800000 25.777888 80.632719 1.202038
 0.000768 1.000000 3.840000 26.035501 81.657225 1.216649
 0.000776 1.000000 3.880000 26.214091 82.693493 1.231137
 0.000784 1.000000 3.920000 26.336600 83.738485 1.245531
 0.000792 1.000000 3.960000 26.382662 84.789499 1.259805
 0.000800 1.000000 4.000000 26.445124 85.843884 1.274232
