     0.000000000000000       0.000000000000000 
     0.001000000000000       0.000000000000000 
     0.002000000000000       0.000000000000000 
     0.003000000000000       0.000000000000000 
     0.004000000000000       0.000000000000000 
     0.005000000000000       0.000000000000000 
     0.006000000000000       0.000000000000000 
     0.007000000000000       0.000000000000000 
     0.008000000000000       0.000000000000000 
     0.009000000000000       0.000000000000000 
     0.010000000000000       0.000000000000000 
     0.011000000000000       0.000000000000000 
     0.012000000000000       0.000000000000000 
     0.013000000000000       0.000000000000000 
     0.014000000000000       0.000000000000000 
     0.015000000000000       0.000000000000000 
     0.016000000000000       0.000000000000000 
     0.017000000000000       0.000000000000000 
     0.018000000000000       0.000000000000000 
     0.019000000000000       0.000000000000000 
     0.020000000000000       0.000000000000000 
     0.021000000000000       0.000000000000000 
     0.022000000000000       0.000000000000000 
     0.023000000000000       0.000000000000000 
     0.024000000000000       0.000000000000000 
     0.025000000000000       0.000000000000000 
     0.026000000000000       0.000000000000000 
     0.027000000000000       0.000000000000000 
     0.028000000000000       0.000000000000000 
     0.029000000000000       0.000000000000000 
     0.030000000000000       0.000000000000000 
     0.031000000000000       0.000000000000000 
     0.032000000000000       0.000000000000000 
     0.033000000000000       0.000000000000000 
     0.034000000000000       0.000000000000000 
     0.035000000000000       0.000000000000000 
     0.036000000000000       0.000000000000000 
     0.037000000000000       0.000000000000000 
     0.038000000000000       0.000000000000000 
     0.039000000000000       0.000000000000000 
     0.040000000000000       0.000000000000000 
     0.041000000000000       0.000000000000000 
     0.042000000000000       0.000000000000000 
     0.043000000000000       0.000000000000000 
     0.044000000000000       0.000000000000000 
     0.045000000000000       0.000000000000000 
     0.046000000000000       0.000000000000000 
     0.047000000000000       0.000000000000000 
     0.048000000000000       0.000000000000000 
     0.049000000000000       0.000000000000000 
     0.050000000000000       0.000000000000000 
     0.051000000000000       0.000000000000000 
     0.052000000000000       0.000000000000000 
     0.053000000000000       0.000000000000000 
     0.054000000000000       0.000000000000000 
     0.055000000000000       0.000000000000000 
     0.056000000000000       0.000000000000000 
     0.057000000000000       0.000000000000000 
     0.058000000000000       0.000000000000000 
     0.059000000000000       0.000000000000000 
     0.060000000000000       0.000000000000000 
     0.061000000000000       0.000000000000000 
     0.062000000000000       0.000000000000000 
     0.063000000000000       0.000000000000000 
     0.064000000000000       0.000000000000000 
     0.065000000000000       0.000000000000000 
     0.066000000000000       0.000000000000000 
     0.067000000000000       0.000000000000000 
     0.068000000000000       0.000000000000000 
     0.069000000000000       0.000000000000000 
     0.070000000000000       0.000000000000000 
     0.071000000000000       0.000000000000000 
     0.072000000000000       0.000000000000000 
     0.073000000000000       0.000000000000000 
     0.074000000000000       0.000000000000000 
     0.075000000000000       0.000000000000000 
     0.076000000000000       0.000000000000000 
     0.077000000000000       0.000000000000000 
     0.078000000000000       0.000000000000000 
     0.079000000000000       0.000000000000000 
     0.080000000000000       0.000000000000000 
     0.081000000000000       0.000000000000000 
     0.082000000000000       0.000000000000000 
     0.083000000000000       0.000000000000000 
     0.084000000000000       0.000000000000000 
     0.085000000000000       0.000000000000000 
     0.086000000000000       0.000000000000000 
     0.087000000000000       0.000000000000000 
     0.088000000000000       0.000000000000000 
     0.089000000000000       0.000000000000000 
     0.090000000000000       0.000000000000000 
     0.091000000000000       0.000000000000000 
     0.092000000000000       0.000000000000000 
     0.093000000000000       0.000000000000000 
     0.094000000000000       0.000000000000000 
     0.095000000000000       0.000000000000000 
     0.096000000000000       0.000000000000000 
     0.097000000000000       0.000000000000000 
     0.098000000000000       0.000000000000000 
     0.099000000000000       0.000000000000000 
     0.100000000000000       0.000000000000000 
     0.101000000000000       0.000000000000000 
     0.102000000000000       0.000000000000000 
     0.103000000000000       0.000000000000000 
     0.104000000000000       0.000000000000000 
     0.105000000000000       0.000000000000000 
     0.106000000000000       0.000000000000000 
     0.107000000000000       0.000000000000000 
     0.108000000000000       0.000000000000000 
     0.109000000000000       0.000000000000000 
     0.110000000000000       0.000000000000000 
     0.111000000000000       0.000000000000000 
     0.112000000000000       0.000000000000000 
     0.113000000000000       0.000000000000000 
     0.114000000000000       0.000000000000000 
     0.115000000000000       0.000000000000000 
     0.116000000000000       0.000000000000000 
     0.117000000000000       0.000000000000000 
     0.118000000000000       0.000000000000000 
     0.119000000000000       0.000000000000000 
     0.120000000000000       0.000000000000000 
     0.121000000000000       0.000000000000000 
     0.122000000000000       0.000000000000000 
     0.123000000000000       0.000000000000000 
     0.124000000000000       0.000000000000000 
     0.125000000000000       0.000000000000000 
     0.126000000000000       0.000000000000000 
     0.127000000000000       0.000000000000000 
     0.128000000000000       0.000000000000000 
     0.129000000000000       0.000000000000000 
     0.130000000000000       0.000000000000000 
     0.131000000000000       0.000000000000000 
     0.132000000000000       0.000000000000000 
     0.133000000000000       0.000000000000000 
     0.134000000000000       0.000000000000000 
     0.135000000000000       0.000000000000000 
     0.136000000000000       0.000000000000000 
     0.137000000000000       0.000000000000000 
     0.138000000000000       0.000000000000000 
     0.139000000000000       0.000000000000000 
     0.140000000000000       0.000000000000000 
     0.141000000000000       0.000000000000000 
     0.142000000000000       0.000000000000000 
     0.143000000000000       0.000000000000000 
     0.144000000000000       0.000000000000000 
     0.145000000000000       0.000000000000000 
     0.146000000000000       0.000000000000000 
     0.147000000000000       0.000000000000000 
     0.148000000000000       0.000000000000000 
     0.149000000000000       0.000000000000000 
     0.150000000000000       0.000000000000000 
     0.151000000000000       0.000000000000000 
     0.152000000000000       0.000000000000000 
     0.153000000000000       0.000000000000000 
     0.154000000000000       0.000000000000000 
     0.155000000000000       0.000000000000000 
     0.156000000000000       0.000000000000000 
     0.157000000000000       0.000000000000000 
     0.158000000000000       0.000000000000000 
     0.159000000000000       0.000000000000000 
     0.160000000000000       0.000000000000000 
     0.161000000000000       0.000000000000000 
     0.162000000000000       0.000000000000000 
     0.163000000000000       0.000000000000000 
     0.164000000000000       0.000000000000000 
     0.165000000000000       0.000000000000000 
     0.166000000000000       0.000000000000000 
     0.167000000000000       0.000000000000000 
     0.168000000000000       0.000000000000000 
     0.169000000000000       0.000000000000000 
     0.170000000000000       0.000000000000000 
     0.171000000000000       0.000000000000000 
     0.172000000000000       0.000000000000000 
     0.173000000000000       0.000000000000000 
     0.174000000000000       0.000000000000000 
     0.175000000000000       0.000000000000000 
     0.176000000000000       0.000000000000000 
     0.177000000000000       0.000000000000000 
     0.178000000000000       0.000000000000000 
     0.179000000000000       0.000000000000000 
     0.180000000000000       0.000000000000000 
     0.181000000000000       0.000000000000000 
     0.182000000000000       0.000000000000000 
     0.183000000000000       0.000000000000000 
     0.184000000000000       0.000000000000000 
     0.185000000000000       0.000000000000000 
     0.186000000000000       0.000000000000000 
     0.187000000000000       0.000000000000000 
     0.188000000000000       0.000000000000000 
     0.189000000000000       0.000000000000000 
     0.190000000000000       0.000000000000000 
     0.191000000000000       0.000000000000000 
     0.192000000000000       0.000000000000000 
     0.193000000000000       0.000000000000000 
     0.194000000000000       0.000000000000000 
     0.195000000000000       0.000000000000000 
     0.196000000000000       0.000000000000000 
     0.197000000000000       0.000000000000000 
     0.198000000000000       0.000000000000000 
     0.199000000000000       0.000000000000000 
     0.200000000000000       0.000000000000000 
     0.201000000000000       0.000000000000000 
     0.202000000000000       0.000000000000000 
     0.203000000000000       0.000000000000000 
     0.204000000000000       0.000000000000000 
     0.205000000000000       0.000000000000000 
     0.206000000000000       0.000000000000000 
     0.207000000000000       0.000000000000000 
     0.208000000000000       0.000000000000000 
     0.209000000000000       0.000000000000000 
     0.210000000000000       0.000000000000000 
     0.211000000000000       0.000000000000000 
     0.212000000000000       0.000000000000000 
     0.213000000000000       0.000000000000000 
     0.214000000000000       0.000000000000000 
     0.215000000000000       0.000000000000000 
     0.216000000000000       0.000000000000000 
     0.217000000000000       0.000000000000000 
     0.218000000000000       0.000000000000000 
     0.219000000000000       0.000000000000000 
     0.220000000000000       0.000000000000000 
     0.221000000000000       0.000000000000000 
     0.222000000000000       0.000000000000000 
     0.223000000000000       0.000000000000000 
     0.224000000000000       0.000000000000000 
     0.225000000000000       0.089064108231547 
     0.226000000000000       0.111649602556826 
     0.227000000000000       0.123560649181744 
     0.228000000000000       0.136033398164159 
     0.229000000000000       0.148831571200205 
     0.230000000000000       0.149152620206651 
     0.231000000000000       0.162106678093982 
     0.232000000000000       0.162457504373725 
     0.233000000000000       0.175333404639689 
     0.234000000000000       0.175632172296588 
     0.235000000000000       0.175921680550379 
     0.236000000000000       0.189257216232964 
     0.237000000000000       0.189674357227606 
     0.238000000000000       0.202718085885357 
     0.239000000000000       0.203139712099496 
     0.240000000000000       0.203560603528448 
     0.241000000000000       0.216793395446915 
     0.242000000000000       0.217214509993891 
     0.243000000000000       0.217603738801415 
     0.244000000000000       0.230637004567008 
     0.245000000000000       0.231004359936183 
     0.246000000000000       0.244044644960210 
     0.247000000000000       0.244389762523367 
     0.248000000000000       0.244740096564259 
     0.249000000000000       0.245091396851748 
     0.250000000000000       0.258143600258459 
     0.251000000000000       0.258504742335791 
     0.252000000000000       0.271578315404936 
     0.253000000000000       0.271933341287799 
     0.254000000000000       0.272286960332087 
     0.255000000000000       0.285368689163795 
     0.256000000000000       0.285702936729416 
     0.257000000000000       0.286032077159573 
     0.258000000000000       0.299268404036185 
     0.259000000000000       0.299633460767692 
     0.260000000000000       0.299986298933536 
     0.261000000000000       0.313060987089473 
     0.262000000000000       0.313383082365338 
     0.263000000000000       0.313689866429579 
     0.264000000000000       0.326789405874761 
     0.265000000000000       0.327089637824791 
     0.266000000000000       0.327384449403727 
     0.267000000000000       0.340471200335024 
     0.268000000000000       0.340731372844981 
     0.269000000000000       0.353850149226933 
     0.270000000000000       0.354108417958324 
     0.271000000000000       0.354361303943802 
     0.272000000000000       0.354600332118620 
     0.273000000000000       0.367628257052248 
     0.274000000000000       0.367801351213405 
     0.275000000000000       0.380826414292372 
     0.276000000000000       0.380952856417764 
     0.277000000000000       0.381052927783790 
     0.278000000000000       0.393994464976155 
     0.279000000000000       0.394026984768589 
     0.280000000000000       0.394033128006846 
     0.281000000000000       0.406968207202087 
     0.282000000000000       0.406965734017547 
     0.283000000000000       0.406960495653570 
     0.284000000000000       0.419872838441535 
     0.285000000000000       0.419863179463194 
     0.286000000000000       0.432850905315798 
     0.287000000000000       0.432872572807696 
     0.288000000000000       0.432916088349216 
     0.289000000000000       0.432967771357438 
     0.290000000000000       0.445985921523151 
     0.291000000000000       0.446042614324460 
     0.292000000000000       0.459150176680250 
     0.293000000000000       0.459241942887061 
     0.294000000000000       0.459333826792632 
     0.295000000000000       0.472422522421088 
     0.296000000000000       0.472507388650399 
     0.297000000000000       0.472585577096922 
     0.298000000000000       0.485754936740193 
     0.299000000000000       0.485859384545408 
     0.300000000000000       0.485957234108559 
     0.301000000000000       0.499072579037994 
     0.302000000000000       0.499154005614235 
     0.303000000000000       0.512333159103145 
     0.304000000000000       0.512426826723468 
     0.305000000000000       0.512521051268406 
     0.306000000000000       0.512601350598226 
     0.307000000000000       0.525722113913709 
     0.308000000000000       0.525785091792589 
     0.309000000000000       0.538978262478876 
     0.310000000000000       0.539067487136453 
     0.311000000000000       0.539151802232755 
     0.312000000000000       0.552275565735151 
     0.313000000000000       0.552340433751299 
     0.314000000000000       0.552393912769336 
     0.315000000000000       0.565579008219029 
     0.316000000000000       0.565657144488680 
     0.317000000000000       0.565726684152338 
     0.318000000000000       0.578849391184955 
     0.319000000000000       0.578900796079838 
     0.320000000000000       0.578945497510263 
     0.321000000000000       0.592147189277979 
     0.322000000000000       0.592212646318368 
     0.323000000000000       0.592264927791934 
     0.324000000000000       0.605372814026046 
     0.325000000000000       0.605401824288677 
     0.326000000000000       0.618564689319527 
     0.327000000000000       0.618609314433074 
     0.328000000000000       0.618665113110435 
     0.329000000000000       0.618731748739632 
     0.330000000000000       0.631860751015459 
     0.331000000000000       0.631940919457888 
     0.332000000000000       0.645139894005307 
     0.333000000000000       0.645267850789818 
     0.334000000000000       0.645403942685702 
     0.335000000000000       0.658617753656708 
     0.336000000000000       0.658753797490039 
     0.337000000000000       0.658891586357642 
     0.338000000000000       0.672184857549363 
     0.339000000000000       0.672354455851227 
     0.340000000000000       0.672518792935055 
     0.341000000000000       0.685759926524856 
     0.342000000000000       0.685906354688036 
     0.343000000000000       0.699205441780920 
     0.344000000000000       0.699376205138307 
     0.345000000000000       0.699543386807241 
     0.346000000000000       0.712806351665460 
     0.347000000000000       0.712963704754788 
     0.348000000000000       0.713117605442172 
     0.349000000000000       0.726449531332497 
     0.350000000000000       0.726648281418724 
     0.351000000000000       0.726860242285284 
     0.352000000000000       0.740197352000159 
     0.353000000000000       0.740461211622668 
     0.354000000000000       0.753904042943201 
     0.355000000000000       0.754277094502532 
     0.356000000000000       0.754707451269013 
     0.357000000000000       0.755178007082703 
     0.358000000000000       0.768753331094986 
     0.359000000000000       0.769250814082765 
     0.360000000000000       0.782905632812444 
     0.361000000000000       0.783460676996572 
     0.362000000000000       0.784018460813408 
     0.363000000000000       0.797693439022312 
     0.364000000000000       0.798244547266185 
     0.365000000000000       0.798801786954801 
     0.366000000000000       0.812519615711688 
     0.367000000000000       0.813103035800241 
     0.368000000000000       0.813682847334924 
     0.369000000000000       0.827370081796687 
     0.370000000000000       0.827922163104320 
     0.371000000000000       0.841644034374838 
     0.372000000000000       0.842212836997630 
     0.373000000000000       0.842766575452599 
     0.374000000000000       0.856440435867217 
     0.375000000000000       0.856956437563440 
     0.376000000000000       0.857455443881694 
     0.377000000000000       0.871130811055179 
     0.378000000000000       0.871626855092799 
     0.379000000000000       0.872102746025508 
     0.380000000000000       0.885696602492171 
     0.381000000000000       0.886122831645299 
     0.382000000000000       0.899729109418738 
     0.383000000000000       0.900151030561391 
     0.384000000000000       0.900561091013090 
     0.385000000000000       0.900953581223929 
     0.386000000000000       0.914474619529598 
     0.387000000000000       0.914827001241523 
     0.388000000000000       0.928379437414410 
     0.389000000000000       0.928740033527822 
     0.390000000000000       0.929084995728225 
     0.391000000000000       0.942567935930450 
     0.392000000000000       0.942877069717799 
     0.393000000000000       0.943174955703725 
     0.394000000000000       0.956685266523460 
     0.395000000000000       0.956992516059726 
     0.396000000000000       0.957283567057255 
     0.397000000000000       0.970714131293521 
     0.398000000000000       0.970970551623592 
     0.399000000000000       0.984433072778659 
     0.400000000000000       0.984698917499431 
     0.401000000000000       0.984956450073456 
     0.402000000000000       0.985198462039737 
     0.403000000000000       0.998581651690449 
     0.404000000000000       0.998793382598928 
     0.405000000000000       1.012218955100201 
     0.406000000000000       1.012449057207530 
     0.407000000000000       1.012661503518970 
     0.408000000000000       1.026025929041078 
     0.409000000000000       1.026212430393421 
     0.410000000000000       1.026391614298138 
     0.411000000000000       1.039803337346989 
     0.412000000000000       1.040001912105096 
     0.413000000000000       1.040188057903329 
     0.414000000000000       1.053525751984635 
     0.415000000000000       1.053686419020016 
     0.416000000000000       1.067065489343513 
     0.417000000000000       1.067244399079854 
     0.418000000000000       1.067418673814734 
     0.419000000000000       1.080752401286412 
     0.420000000000000       1.080912503654769 
     0.421000000000000       1.081060780377415 
     0.422000000000000       1.094452000090227 
     0.423000000000000       1.094632942363654 
     0.424000000000000       1.094803216778230 
     0.425000000000000       1.108149795759504 
     0.426000000000000       1.108307481771451 
     0.427000000000000       1.108468229077964 
     0.428000000000000       1.121884709842719 
     0.429000000000000       1.122080877715110 
     0.430000000000000       1.122274958848651 
     0.431000000000000       1.135650208441165 
     0.432000000000000       1.135844251926617 
     0.433000000000000       1.149288459873459 
     0.434000000000000       1.149530713215420 
     0.435000000000000       1.149777131474849 
     0.436000000000000       1.163217792556930 
     0.437000000000000       1.163478569793748 
     0.438000000000000       1.163746394645862 
     0.439000000000000       1.177289961939390 
     0.440000000000000       1.177616830817579 
     0.441000000000000       1.177950076011003 
     0.442000000000000       1.191482383156661 
     0.443000000000000       1.191825692929791 
     0.444000000000000       1.205423856500381 
     0.445000000000000       1.205814546740511 
     0.446000000000000       1.206215751730291 
     0.447000000000000       1.219816443207623 
     0.448000000000000       1.220231921403451 
     0.449000000000000       1.220646206583977 
     0.450000000000000       1.234331011369402 
     0.451000000000000       1.234795838621251 
     0.452000000000000       1.235253766816985 
     0.453000000000000       1.248914879857420 
     0.454000000000000       1.249367380893196 
     0.455000000000000       1.249821797278951 
     0.456000000000000       1.263548246052546 
     0.457000000000000       1.264033450877774 
     0.458000000000000       1.264508631885620 
     0.459000000000000       1.278185174967168 
     0.460000000000000       1.278643796768272 
     0.461000000000000       1.292367259297624 
     0.462000000000000       1.292852244033307 
     0.463000000000000       1.293329839504022 
     0.464000000000000       1.307007622336419 
     0.465000000000000       1.307467867136863 
     0.466000000000000       1.307916797351909 
     0.467000000000000       1.321638220168863 
     0.468000000000000       1.322111108580149 
     0.469000000000000       1.322569641212535 
     0.470000000000000       1.336231466737402 
     0.471000000000000       1.336663236632621 
     0.472000000000000       1.350352689689300 
     0.473000000000000       1.350797340456223 
     0.474000000000000       1.351242476090878 
     0.475000000000000       1.351675099881135 
     0.476000000000000       1.365320643762317 
     0.477000000000000       1.365734061325155 
     0.478000000000000       1.379422372370096 
     0.479000000000000       1.379863207926057 
     0.480000000000000       1.380292422093364 
     0.481000000000000       1.393934120449300 
     0.482000000000000       1.394345897437809 
     0.483000000000000       1.394752934382188 
     0.484000000000000       1.408437865388787 
     0.485000000000000       1.408870291562693 
     0.486000000000000       1.409293442729563 
     0.487000000000000       1.422933038394371 
     0.488000000000000       1.423335985806224 
     0.489000000000000       1.437007544261572 
     0.490000000000000       1.437430155387911 
     0.491000000000000       1.437848592608194 
     0.492000000000000       1.451478386449933 
     0.493000000000000       1.451879892136251 
     0.494000000000000       1.452265480907691 
     0.495000000000000       1.465935694867239 
     0.496000000000000       1.466348865913597 
     0.497000000000000       1.466746175016411 
     0.498000000000000       1.480370178499660 
     0.499000000000000       1.480748318265402 
     0.500000000000000       1.481122394560542 
