#INST  CMOD   FORCE   
0.000000E+00          0.000000E+00              0.000000E+00 
1.000000E-03          3.496073E-03              1.395915E+02 
2.000000E-03          6.992308E-03              2.791036E+02 
3.000000E-03          1.048865E-02              4.185638E+02 
4.000000E-03          1.398510E-02              5.580413E+02 
5.000000E-03          1.748166E-02              6.975362E+02 
6.000000E-03          2.097853E-02              8.369092E+02 
7.000000E-03          2.447619E-02              9.761891E+02 
8.000000E-03          2.797454E-02              1.115323E+03 
9.000000E-03          3.147369E-02              1.254278E+03 
1.000000E-02          3.497383E-02              1.393003E+03 
1.100000E-02          3.847491E-02              1.531510E+03 
1.200000E-02          4.197689E-02              1.669811E+03 
1.300000E-02          4.547982E-02              1.807890E+03 
1.400000E-02          4.898375E-02              1.945738E+03 
1.500000E-02          5.248860E-02              2.083374E+03 
1.600000E-02          5.599441E-02              2.220787E+03 
1.700000E-02          5.950126E-02              2.357954E+03 
1.800000E-02          6.300913E-02              2.494880E+03 
1.900000E-02          6.651798E-02              2.631577E+03 
2.000000E-02          7.002783E-02              2.768039E+03 
2.100000E-02          7.353872E-02              2.904255E+03 
2.200000E-02          7.705066E-02              3.040220E+03 
2.300000E-02          8.056369E-02              3.175926E+03 
2.400000E-02          8.407778E-02              3.311376E+03 
2.500000E-02          8.759299E-02              3.446557E+03 
2.600000E-02          9.110938E-02              3.581451E+03 
2.700000E-02          9.462695E-02              3.716055E+03 
2.800000E-02          9.814573E-02              3.850361E+03 
2.900000E-02          1.016658E-01              3.984358E+03 
3.000000E-02          1.051871E-01              4.118040E+03 
3.100000E-02          1.087097E-01              4.251392E+03 
3.200000E-02          1.122337E-01              4.384407E+03 
3.300000E-02          1.157590E-01              4.517074E+03 
3.400000E-02          1.192858E-01              4.649382E+03 
3.500000E-02          1.228139E-01              4.781331E+03 
3.600000E-02          1.263436E-01              4.912913E+03 
3.700000E-02          1.298747E-01              5.044115E+03 
3.800000E-02          1.334073E-01              5.174929E+03 
3.900000E-02          1.369414E-01              5.305359E+03 
4.000000E-02          1.404770E-01              5.435390E+03 
4.100000E-02          1.440143E-01              5.565019E+03 
4.200000E-02          1.475531E-01              5.694231E+03 
4.300000E-02          1.510935E-01              5.823025E+03 
4.400000E-02          1.546355E-01              5.951397E+03 
4.500000E-02          1.581792E-01              6.079335E+03 
4.600000E-02          1.617246E-01              6.206831E+03 
4.700000E-02          1.652716E-01              6.333890E+03 
4.800000E-02          1.688204E-01              6.460489E+03 
4.900000E-02          1.723708E-01              6.586633E+03 
5.000000E-02          1.759230E-01              6.712333E+03 
5.100000E-02          1.794769E-01              6.837565E+03 
5.200000E-02          1.830327E-01              6.962314E+03 
5.300000E-02          1.865903E-01              7.086560E+03 
5.400000E-02          1.901499E-01              7.210258E+03 
5.500000E-02          1.937119E-01              7.333342E+03 
5.600000E-02          1.972760E-01              7.455821E+03 
5.700000E-02          2.008425E-01              7.577681E+03 
5.800000E-02          2.044115E-01              7.698859E+03 
5.900000E-02          2.079832E-01              7.819290E+03 
6.000000E-02          2.115577E-01              7.938962E+03 
6.100000E-02          2.151351E-01              8.057846E+03 
6.200000E-02          2.187158E-01              8.175821E+03 
6.300000E-02          2.223000E-01              8.292846E+03 
6.400000E-02          2.258877E-01              8.408906E+03 
6.500000E-02          2.294791E-01              8.523955E+03 
6.600000E-02          2.330743E-01              8.637963E+03 
6.700000E-02          2.366738E-01              8.750778E+03 
6.800000E-02          2.402778E-01              8.862363E+03 
6.900000E-02          2.438861E-01              8.972746E+03 
7.000000E-02          2.474990E-01              9.081875E+03 
7.100000E-02          2.511168E-01              9.189642E+03 
7.200000E-02          2.547395E-01              9.296069E+03 
7.300000E-02          2.583668E-01              9.401204E+03 
7.400000E-02          2.619990E-01              9.504983E+03 
7.500000E-02          2.656362E-01              9.607386E+03 
7.600000E-02          2.692783E-01              9.708423E+03 
7.700000E-02          2.729255E-01              9.808052E+03 
7.800000E-02          2.765779E-01              9.906250E+03 
7.900000E-02          2.802355E-01              1.000298E+04 
8.000000E-02          2.838985E-01              1.009820E+04 
8.100000E-02          2.875668E-01              1.019194E+04 
8.200000E-02          2.912406E-01              1.028419E+04 
8.300000E-02          2.949195E-01              1.037500E+04 
8.400000E-02          2.986037E-01              1.046433E+04 
8.500000E-02          3.022927E-01              1.055223E+04 
8.600000E-02          3.059869E-01              1.063860E+04 
8.700000E-02          3.096864E-01              1.072350E+04 
8.800000E-02          3.133914E-01              1.080688E+04 
8.900000E-02          3.171018E-01              1.088872E+04 
9.000000E-02          3.208175E-01              1.096909E+04 
9.100000E-02          3.245388E-01              1.104789E+04 
9.200000E-02          3.282659E-01              1.112508E+04 
9.300000E-02          3.319984E-01              1.120074E+04 
9.400000E-02          3.357362E-01              1.127491E+04 
9.500000E-02          3.394793E-01              1.134761E+04 
9.600000E-02          3.432284E-01              1.141865E+04 
9.700000E-02          3.469829E-01              1.148816E+04 
9.800000E-02          3.507427E-01              1.155621E+04 
9.900000E-02          3.545084E-01              1.162261E+04 
1.000000E-01          3.582800E-01              1.168738E+04 
1.010000E-01          3.620572E-01              1.175056E+04 
1.020000E-01          3.658404E-01              1.181208E+04 
1.030000E-01          3.696301E-01              1.187183E+04 
1.040000E-01          3.734264E-01              1.192974E+04 
1.050000E-01          3.772295E-01              1.198579E+04 
1.060000E-01          3.810403E-01              1.203975E+04 
1.070000E-01          3.848586E-01              1.209165E+04 
1.080000E-01          3.886844E-01              1.214154E+04 
1.090000E-01          3.925175E-01              1.218944E+04 
1.100000E-01          3.963578E-01              1.223540E+04 
1.110000E-01          4.002059E-01              1.227927E+04 
1.120000E-01          4.040620E-01              1.232102E+04 
1.130000E-01          4.079263E-01              1.236058E+04 
1.140000E-01          4.117995E-01              1.239777E+04 
1.150000E-01          4.156828E-01              1.243231E+04 
1.160000E-01          4.195773E-01              1.246387E+04 
1.170000E-01          4.234847E-01              1.249204E+04 
1.180000E-01          4.274057E-01              1.251662E+04 
1.190000E-01          4.313372E-01              1.253843E+04 
1.200000E-01          4.352755E-01              1.255845E+04 
1.210000E-01          4.392187E-01              1.257722E+04 
1.220000E-01          4.431658E-01              1.259496E+04 
1.230000E-01          4.471163E-01              1.261181E+04 
1.240000E-01          4.510699E-01              1.262787E+04 
1.250000E-01          4.550261E-01              1.264326E+04 
1.260000E-01          4.589846E-01              1.265805E+04 
1.270000E-01          4.629453E-01              1.267230E+04 
1.280000E-01          4.669079E-01              1.268605E+04 
1.290000E-01          4.708724E-01              1.269936E+04 
1.300000E-01          4.748384E-01              1.271224E+04 
1.310000E-01          4.788060E-01              1.272475E+04 
1.320000E-01          4.827751E-01              1.273690E+04 
1.330000E-01          4.867454E-01              1.274874E+04 
1.340000E-01          4.907169E-01              1.276028E+04 
1.350000E-01          4.946895E-01              1.277156E+04 
1.360000E-01          4.986630E-01              1.278261E+04 
1.370000E-01          5.026375E-01              1.279343E+04 
1.380000E-01          5.066129E-01              1.280404E+04 
1.390000E-01          5.105891E-01              1.281447E+04 
1.400000E-01          5.145661E-01              1.282472E+04 
1.410000E-01          5.185437E-01              1.283480E+04 
1.420000E-01          5.225221E-01              1.284473E+04 
1.430000E-01          5.265011E-01              1.285450E+04 
1.440000E-01          5.304808E-01              1.286412E+04 
1.450000E-01          5.344611E-01              1.287361E+04 
1.460000E-01          5.384420E-01              1.288296E+04 
1.470000E-01          5.424235E-01              1.289219E+04 
1.480000E-01          5.464055E-01              1.290128E+04 
1.490000E-01          5.503882E-01              1.291026E+04 
1.500000E-01          5.543713E-01              1.291912E+04 
1.510000E-01          5.583550E-01              1.292787E+04 
1.520000E-01          5.623392E-01              1.293650E+04 
1.530000E-01          5.663239E-01              1.294503E+04 
1.540000E-01          5.703091E-01              1.295344E+04 
1.550000E-01          5.742948E-01              1.296176E+04 
1.560000E-01          5.782810E-01              1.296997E+04 
1.570000E-01          5.822676E-01              1.297808E+04 
1.580000E-01          5.862548E-01              1.298609E+04 
1.590000E-01          5.902424E-01              1.299401E+04 
1.600000E-01          5.942304E-01              1.300184E+04 
1.610000E-01          5.982189E-01              1.300957E+04 
1.620000E-01          6.022078E-01              1.301721E+04 
1.630000E-01          6.061972E-01              1.302476E+04 
1.640000E-01          6.101870E-01              1.303222E+04 
1.650000E-01          6.141772E-01              1.303960E+04 
1.660000E-01          6.181679E-01              1.304690E+04 
1.670000E-01          6.221589E-01              1.305411E+04 
1.680000E-01          6.261504E-01              1.306125E+04 
1.690000E-01          6.301422E-01              1.306830E+04 
1.700000E-01          6.341345E-01              1.307529E+04 
1.710000E-01          6.381271E-01              1.308219E+04 
1.720000E-01          6.421201E-01              1.308903E+04 
1.730000E-01          6.461135E-01              1.309579E+04 
1.740000E-01          6.501072E-01              1.310248E+04 
1.750000E-01          6.541013E-01              1.310911E+04 
1.760000E-01          6.580957E-01              1.311566E+04 
1.770000E-01          6.620905E-01              1.312216E+04 
1.780000E-01          6.660857E-01              1.312858E+04 
1.790000E-01          6.700811E-01              1.313495E+04 
1.800000E-01          6.740770E-01              1.314125E+04 
1.810000E-01          6.780731E-01              1.314750E+04 
1.820000E-01          6.820696E-01              1.315368E+04 
1.830000E-01          6.860664E-01              1.315980E+04 
1.840000E-01          6.900636E-01              1.316585E+04 
1.850000E-01          6.940611E-01              1.317185E+04 
1.860000E-01          6.980589E-01              1.317778E+04 
1.870000E-01          7.020570E-01              1.318366E+04 
1.880000E-01          7.060555E-01              1.318948E+04 
1.890000E-01          7.100542E-01              1.319524E+04 
1.900000E-01          7.140533E-01              1.320095E+04 
1.910000E-01          7.180528E-01              1.320659E+04 
1.920000E-01          7.220526E-01              1.321215E+04 
1.930000E-01          7.260529E-01              1.321761E+04 
1.940000E-01          7.300536E-01              1.322301E+04 
1.950000E-01          7.340548E-01              1.322830E+04 
1.960000E-01          7.380564E-01              1.323350E+04 
1.970000E-01          7.420585E-01              1.323859E+04 
1.980000E-01          7.460609E-01              1.324362E+04 
1.990000E-01          7.500638E-01              1.324854E+04 
2.000000E-01          7.540672E-01              1.325338E+04 
2.010000E-01          7.580710E-01              1.325812E+04 
2.020000E-01          7.620755E-01              1.326270E+04 
2.030000E-01          7.660808E-01              1.326708E+04 
2.040000E-01          7.700870E-01              1.327127E+04 
2.050000E-01          7.740940E-01              1.327525E+04 
2.060000E-01          7.781020E-01              1.327897E+04 
2.070000E-01          7.821113E-01              1.328238E+04 
2.080000E-01          7.861217E-01              1.328550E+04 
2.090000E-01          7.901335E-01              1.328825E+04 
2.100000E-01          7.941469E-01              1.329058E+04 
2.110000E-01          7.981623E-01              1.329238E+04 
2.120000E-01          8.021799E-01              1.329359E+04 
2.130000E-01          8.062001E-01              1.329411E+04 
2.140000E-01          8.102233E-01              1.329378E+04 
2.150000E-01          8.142503E-01              1.329238E+04 
2.160000E-01          8.182824E-01              1.328954E+04 
2.170000E-01          8.223215E-01              1.328468E+04 
2.180000E-01          8.263697E-01              1.327726E+04 
2.190000E-01          8.304297E-01              1.326641E+04 
2.200000E-01          8.344960E-01              1.325378E+04 
2.210000E-01          8.385899E-01              1.323326E+04 
2.220000E-01          8.427184E-01              1.320280E+04 
2.222500E-01          8.438861E-01              1.315618E+04 
2.225000E-01          8.450286E-01              1.311699E+04 
2.227500E-01          8.461549E-01              1.308244E+04 
2.230000E-01          8.472574E-01              1.305469E+04 
2.240000E-01          8.513299E-01              1.304042E+04 
2.250000E-01          8.554325E-01              1.301751E+04 
2.260000E-01          8.595356E-01              1.299450E+04 
2.270000E-01          8.636358E-01              1.297236E+04 
2.280000E-01          8.677281E-01              1.295255E+04 
2.290000E-01          8.718073E-01              1.293653E+04 
2.300000E-01          8.758848E-01              1.292104E+04 
2.310000E-01          8.799542E-01              1.290790E+04 
2.320000E-01          8.840185E-01              1.289628E+04 
2.330000E-01          8.880803E-01              1.288538E+04 
2.340000E-01          8.921456E-01              1.287352E+04 
2.350000E-01          8.962093E-01              1.286217E+04 
2.360000E-01          9.002730E-01              1.285085E+04 
2.370000E-01          9.043358E-01              1.283984E+04 
2.380000E-01          9.083937E-01              1.283026E+04 
2.390000E-01          9.124537E-01              1.282011E+04 
2.400000E-01          9.165169E-01              1.280907E+04 
2.410000E-01          9.205754E-01              1.279943E+04 
2.420000E-01          9.246352E-01              1.278944E+04 
2.430000E-01          9.286896E-01              1.278103E+04 
2.440000E-01          9.327445E-01              1.277249E+04 
2.450000E-01          9.368035E-01              1.276283E+04 
2.460000E-01          9.408624E-01              1.275324E+04 
2.470000E-01          9.449199E-01              1.274407E+04 
2.480000E-01          9.489748E-01              1.273571E+04 
2.490000E-01          9.530267E-01              1.272820E+04 
2.500000E-01          9.570822E-01              1.271969E+04 
2.510000E-01          9.611423E-01              1.270993E+04 
2.520000E-01          9.651980E-01              1.270146E+04 
2.530000E-01          9.692557E-01              1.269244E+04 
2.540000E-01          9.733110E-01              1.268412E+04 
2.550000E-01          9.773640E-01              1.267649E+04 
2.560000E-01          9.814209E-01              1.266781E+04 
2.570000E-01          9.854819E-01              1.265795E+04 
2.580000E-01          9.895374E-01              1.264974E+04 
2.590000E-01          9.935950E-01              1.264094E+04 
2.600000E-01          9.976474E-01              1.263369E+04 
2.610000E-01          1.001701E+00              1.262619E+04 
2.620000E-01          1.005758E+00              1.261743E+04 
2.630000E-01          1.009819E+00              1.260779E+04 
2.640000E-01          1.013877E+00              1.259924E+04 
2.650000E-01          1.017936E+00              1.259017E+04 
2.660000E-01          1.021989E+00              1.258291E+04 
2.670000E-01          1.026045E+00              1.257497E+04 
2.680000E-01          1.030105E+00              1.256565E+04 
2.690000E-01          1.034166E+00              1.255615E+04 
2.700000E-01          1.038226E+00              1.254722E+04 
2.710000E-01          1.042286E+00              1.253805E+04 
2.720000E-01          1.046341E+00              1.253035E+04 
2.730000E-01          1.050399E+00              1.252187E+04 
2.740000E-01          1.054463E+00              1.251196E+04 
2.750000E-01          1.058525E+00              1.250239E+04 
2.760000E-01          1.062586E+00              1.249303E+04 
2.770000E-01          1.066647E+00              1.248400E+04 
2.780000E-01          1.070705E+00              1.247581E+04 
2.790000E-01          1.074766E+00              1.246662E+04 
2.800000E-01          1.078832E+00              1.245619E+04 
2.810000E-01          1.082893E+00              1.244688E+04 
2.820000E-01          1.086956E+00              1.243731E+04 
2.830000E-01          1.091015E+00              1.242891E+04 
2.840000E-01          1.095074E+00              1.242067E+04 
2.850000E-01          1.099137E+00              1.241125E+04 
2.860000E-01          1.103204E+00              1.240061E+04 
2.870000E-01          1.107267E+00              1.239126E+04 
2.880000E-01          1.111332E+00              1.238118E+04 
2.890000E-01          1.115392E+00              1.237280E+04 
2.900000E-01          1.119453E+00              1.236400E+04 
2.910000E-01          1.123519E+00              1.235389E+04 
2.920000E-01          1.127587E+00              1.234331E+04 
2.930000E-01          1.131652E+00              1.233348E+04 
2.940000E-01          1.135718E+00              1.232341E+04 
2.950000E-01          1.139779E+00              1.231477E+04 
2.960000E-01          1.143844E+00              1.230524E+04 
2.970000E-01          1.147914E+00              1.229412E+04 
2.980000E-01          1.151982E+00              1.228365E+04 
2.990000E-01          1.156048E+00              1.227355E+04 
3.000000E-01          1.160112E+00              1.226434E+04 
3.010000E-01          1.164174E+00              1.225568E+04 
3.020000E-01          1.168240E+00              1.224594E+04 
3.030000E-01          1.172311E+00              1.223468E+04 
3.040000E-01          1.176378E+00              1.222491E+04 
3.050000E-01          1.180446E+00              1.221446E+04 
3.060000E-01          1.184510E+00              1.220548E+04 
3.070000E-01          1.188575E+00              1.219620E+04 
3.080000E-01          1.192645E+00              1.218556E+04 
3.090000E-01          1.196716E+00              1.217441E+04 
3.100000E-01          1.200785E+00              1.216419E+04 
3.110000E-01          1.204855E+00              1.215363E+04 
3.120000E-01          1.208920E+00              1.214456E+04 
3.130000E-01          1.212987E+00              1.213465E+04 
3.140000E-01          1.217060E+00              1.212347E+04 
3.150000E-01          1.221131E+00              1.211265E+04 
3.160000E-01          1.225202E+00              1.210192E+04 
3.170000E-01          1.229271E+00              1.209179E+04 
3.180000E-01          1.233338E+00              1.208222E+04 
3.190000E-01          1.237409E+00              1.207168E+04 
3.200000E-01          1.241485E+00              1.205962E+04 
3.210000E-01          1.245556E+00              1.204899E+04 
3.220000E-01          1.249629E+00              1.203802E+04 
3.230000E-01          1.253695E+00              1.202880E+04 
3.240000E-01          1.257763E+00              1.201943E+04 
3.250000E-01          1.261834E+00              1.200882E+04 
3.260000E-01          1.265908E+00              1.199763E+04 
3.270000E-01          1.269979E+00              1.198727E+04 
3.280000E-01          1.274050E+00              1.197690E+04 
3.290000E-01          1.278117E+00              1.196792E+04 
3.300000E-01          1.282186E+00              1.195815E+04 
3.310000E-01          1.286261E+00              1.194690E+04 
3.320000E-01          1.290333E+00              1.193627E+04 
3.330000E-01          1.294406E+00              1.192559E+04 
3.340000E-01          1.298476E+00              1.191584E+04 
3.350000E-01          1.302544E+00              1.190653E+04 
3.360000E-01          1.306616E+00              1.189609E+04 
3.370000E-01          1.310693E+00              1.188441E+04 
3.380000E-01          1.314766E+00              1.187398E+04 
3.390000E-01          1.318840E+00              1.186297E+04 
3.400000E-01          1.322908E+00              1.185394E+04 
3.410000E-01          1.326978E+00              1.184433E+04 
3.420000E-01          1.331053E+00              1.183331E+04 
3.430000E-01          1.335128E+00              1.182229E+04 
3.440000E-01          1.339202E+00              1.181165E+04 
3.450000E-01          1.343275E+00              1.180137E+04 
3.460000E-01          1.347345E+00              1.179212E+04 
3.470000E-01          1.351417E+00              1.178192E+04 
3.480000E-01          1.355495E+00              1.177024E+04 
3.490000E-01          1.359570E+00              1.175973E+04 
3.500000E-01          1.363645E+00              1.174880E+04 
3.510000E-01          1.367716E+00              1.173924E+04 
3.520000E-01          1.371787E+00              1.172970E+04 
3.530000E-01          1.375863E+00              1.171895E+04 
3.540000E-01          1.379941E+00              1.170745E+04 
3.550000E-01          1.384016E+00              1.169689E+04 
3.560000E-01          1.388092E+00              1.168597E+04 
3.570000E-01          1.392163E+00              1.167674E+04 
3.580000E-01          1.396236E+00              1.166684E+04 
3.590000E-01          1.400314E+00              1.165559E+04 
3.600000E-01          1.404391E+00              1.164462E+04 
3.610000E-01          1.408467E+00              1.163385E+04 
3.620000E-01          1.412542E+00              1.162360E+04 
3.630000E-01          1.416614E+00              1.161420E+04 
3.640000E-01          1.420689E+00              1.160384E+04 
3.650000E-01          1.424769E+00              1.159200E+04 
3.660000E-01          1.428846E+00              1.158146E+04 
3.670000E-01          1.432924E+00              1.157040E+04 
3.680000E-01          1.436997E+00              1.156073E+04 
3.690000E-01          1.441071E+00              1.155105E+04 
3.700000E-01          1.445148E+00              1.154016E+04 
3.710000E-01          1.449229E+00              1.152867E+04 
3.720000E-01          1.453306E+00              1.151800E+04 
3.730000E-01          1.457384E+00              1.150709E+04 
3.740000E-01          1.461457E+00              1.149776E+04 
3.750000E-01          1.465533E+00              1.148768E+04 
3.760000E-01          1.469613E+00              1.147618E+04 
3.770000E-01          1.473693E+00              1.146510E+04 
3.780000E-01          1.477772E+00              1.145409E+04 
3.790000E-01          1.481849E+00              1.144378E+04 
3.800000E-01          1.485923E+00              1.143426E+04 
3.810000E-01          1.490001E+00              1.142371E+04 
3.820000E-01          1.494084E+00              1.141175E+04 
3.830000E-01          1.498162E+00              1.140118E+04 
3.840000E-01          1.502242E+00              1.139003E+04 
3.850000E-01          1.506317E+00              1.138046E+04 
3.860000E-01          1.510393E+00              1.137060E+04 
3.870000E-01          1.514474E+00              1.135942E+04 
3.880000E-01          1.518556E+00              1.134788E+04 
3.890000E-01          1.522637E+00              1.133691E+04 
3.900000E-01          1.526717E+00              1.132592E+04 
3.910000E-01          1.530793E+00              1.131627E+04 
3.920000E-01          1.534872E+00              1.130573E+04 
3.930000E-01          1.538956E+00              1.129383E+04 
3.940000E-01          1.543038E+00              1.128269E+04 
3.950000E-01          1.547120E+00              1.127150E+04 
3.960000E-01          1.551198E+00              1.126141E+04 
3.970000E-01          1.555274E+00              1.125177E+04 
3.980000E-01          1.559355E+00              1.124104E+04 
3.990000E-01          1.563439E+00              1.122927E+04 
4.000000E-01          1.567519E+00              1.121860E+04 
4.010000E-01          1.571602E+00              1.120734E+04 
4.020000E-01          1.575678E+00              1.119799E+04 
4.030000E-01          1.579756E+00              1.118803E+04 
4.040000E-01          1.583840E+00              1.117672E+04 
4.050000E-01          1.587923E+00              1.116543E+04 
4.060000E-01          1.592005E+00              1.115451E+04 
4.070000E-01          1.596086E+00              1.114383E+04 
4.080000E-01          1.600164E+00              1.113425E+04 
4.090000E-01          1.604245E+00              1.112378E+04 
4.100000E-01          1.608330E+00              1.111195E+04 
4.110000E-01          1.612413E+00              1.110110E+04 
4.120000E-01          1.616497E+00              1.108993E+04 
4.130000E-01          1.620576E+00              1.107999E+04 
4.140000E-01          1.624655E+00              1.107013E+04 
4.150000E-01          1.628738E+00              1.105914E+04 
4.160000E-01          1.632824E+00              1.104751E+04 
4.170000E-01          1.636907E+00              1.103675E+04 
4.180000E-01          1.640991E+00              1.102558E+04 
4.190000E-01          1.645070E+00              1.101613E+04 
4.200000E-01          1.649150E+00              1.100600E+04 
4.210000E-01          1.653236E+00              1.099452E+04 
4.220000E-01          1.657321E+00              1.098329E+04 
4.230000E-01          1.661406E+00              1.097218E+04 
4.240000E-01          1.665489E+00              1.096157E+04 
4.250000E-01          1.669569E+00              1.095179E+04 
4.260000E-01          1.673653E+00              1.094104E+04 
4.270000E-01          1.677741E+00              1.092896E+04 
4.280000E-01          1.681825E+00              1.091815E+04 
4.290000E-01          1.685911E+00              1.090695E+04 
4.300000E-01          1.689992E+00              1.089722E+04 
4.310000E-01          1.694073E+00              1.088728E+04 
4.320000E-01          1.698159E+00              1.087610E+04 
4.330000E-01          1.702247E+00              1.086446E+04 
4.340000E-01          1.706332E+00              1.085344E+04 
4.350000E-01          1.710418E+00              1.084229E+04 
4.360000E-01          1.714499E+00              1.083257E+04 
4.370000E-01          1.718583E+00              1.082210E+04 
4.380000E-01          1.722672E+00              1.081030E+04 
4.390000E-01          1.726759E+00              1.079908E+04 
4.400000E-01          1.730846E+00              1.078776E+04 
4.410000E-01          1.734931E+00              1.077734E+04 
4.420000E-01          1.739014E+00              1.076730E+04 
4.430000E-01          1.743100E+00              1.075625E+04 
4.440000E-01          1.747190E+00              1.074428E+04 
4.450000E-01          1.751277E+00              1.073332E+04 
4.460000E-01          1.755366E+00              1.072182E+04 
4.470000E-01          1.759448E+00              1.071224E+04 
4.480000E-01          1.763531E+00              1.070213E+04 
4.490000E-01          1.767620E+00              1.069074E+04 
4.500000E-01          1.771708E+00              1.067941E+04 
4.510000E-01          1.775796E+00              1.066829E+04 
4.520000E-01          1.779883E+00              1.065755E+04 
4.530000E-01          1.783966E+00              1.064776E+04 
4.540000E-01          1.788053E+00              1.063715E+04 
4.550000E-01          1.792144E+00              1.062524E+04 
4.560000E-01          1.796231E+00              1.061436E+04 
4.570000E-01          1.800320E+00              1.060316E+04 
4.580000E-01          1.804404E+00              1.059332E+04 
4.590000E-01          1.808489E+00              1.058340E+04 
4.600000E-01          1.812577E+00              1.057232E+04 
4.610000E-01          1.816668E+00              1.056069E+04 
4.620000E-01          1.820756E+00              1.054975E+04 
4.630000E-01          1.824846E+00              1.053861E+04 
4.640000E-01          1.828930E+00              1.052895E+04 
4.650000E-01          1.833016E+00              1.051861E+04 
4.660000E-01          1.837108E+00              1.050698E+04 
4.670000E-01          1.841198E+00              1.049578E+04 
4.680000E-01          1.845288E+00              1.048459E+04 
4.690000E-01          1.849375E+00              1.047414E+04 
4.700000E-01          1.853460E+00              1.046426E+04 
4.710000E-01          1.857549E+00              1.045344E+04 
4.720000E-01          1.861643E+00              1.044151E+04 
4.730000E-01          1.865732E+00              1.043069E+04 
4.740000E-01          1.869823E+00              1.041934E+04 
4.750000E-01          1.873908E+00              1.040968E+04 
4.760000E-01          1.877995E+00              1.039957E+04 
4.770000E-01          1.882087E+00              1.038825E+04 
4.780000E-01          1.886179E+00              1.037680E+04 
4.790000E-01          1.890270E+00              1.036570E+04 
4.800000E-01          1.894360E+00              1.035477E+04 
4.810000E-01          1.898446E+00              1.034497E+04 
4.820000E-01          1.902536E+00              1.033437E+04 
4.830000E-01          1.906630E+00              1.032255E+04 
4.840000E-01          1.910721E+00              1.031150E+04 
4.850000E-01          1.914813E+00              1.030026E+04 
4.860000E-01          1.918901E+00              1.029015E+04 
4.870000E-01          1.922989E+00              1.028017E+04 
4.880000E-01          1.927080E+00              1.026916E+04 
4.890000E-01          1.931174E+00              1.025743E+04 
4.900000E-01          1.935266E+00              1.024653E+04 
4.910000E-01          1.939359E+00              1.023523E+04 
4.920000E-01          1.943446E+00              1.022562E+04 
4.930000E-01          1.947535E+00              1.021543E+04 
4.940000E-01          1.951629E+00              1.020400E+04 
4.950000E-01          1.955722E+00              1.019272E+04 
4.960000E-01          1.959814E+00              1.018164E+04 
4.970000E-01          1.963906E+00              1.017103E+04 
4.980000E-01          1.967994E+00              1.016127E+04 
4.990000E-01          1.972085E+00              1.015068E+04 
5.000000E-01          1.976180E+00              1.013891E+04 
