#INST  CMOD   FORCE   
0.000000E+00          0.000000E+00              0.000000E+00 
1.000000E-03          3.496073E-03              1.395915E+02 
2.000000E-03          6.992308E-03              2.791036E+02 
3.000000E-03          1.048865E-02              4.185638E+02 
4.000000E-03          1.398510E-02              5.580413E+02 
5.000000E-03          1.748166E-02              6.975362E+02 
6.000000E-03          2.097853E-02              8.369092E+02 
7.000000E-03          2.447619E-02              9.761891E+02 
8.000000E-03          2.797454E-02              1.115323E+03 
9.000000E-03          3.147369E-02              1.254278E+03 
1.000000E-02          3.497383E-02              1.393003E+03 
1.100000E-02          3.847491E-02              1.531510E+03 
1.200000E-02          4.197689E-02              1.669811E+03 
1.300000E-02          4.547982E-02              1.807890E+03 
1.400000E-02          4.898375E-02              1.945738E+03 
1.500000E-02          5.248860E-02              2.083374E+03 
1.600000E-02          5.599441E-02              2.220787E+03 
1.700000E-02          5.950126E-02              2.357954E+03 
1.800000E-02          6.300913E-02              2.494880E+03 
1.900000E-02          6.651798E-02              2.631577E+03 
2.000000E-02          7.002783E-02              2.768039E+03 
2.100000E-02          7.353872E-02              2.904255E+03 
2.200000E-02          7.705066E-02              3.040220E+03 
2.300000E-02          8.056369E-02              3.175926E+03 
2.400000E-02          8.407778E-02              3.311376E+03 
2.500000E-02          8.759299E-02              3.446557E+03 
2.600000E-02          9.110938E-02              3.581451E+03 
2.700000E-02          9.462695E-02              3.716055E+03 
2.800000E-02          9.814573E-02              3.850361E+03 
2.900000E-02          1.016658E-01              3.984358E+03 
3.000000E-02          1.051871E-01              4.118040E+03 
3.100000E-02          1.087097E-01              4.251392E+03 
3.200000E-02          1.122337E-01              4.384407E+03 
3.300000E-02          1.157590E-01              4.517074E+03 
3.400000E-02          1.192858E-01              4.649382E+03 
3.500000E-02          1.228139E-01              4.781331E+03 
3.600000E-02          1.263436E-01              4.912913E+03 
3.700000E-02          1.298747E-01              5.044115E+03 
3.800000E-02          1.334073E-01              5.174929E+03 
3.900000E-02          1.369414E-01              5.305359E+03 
4.000000E-02          1.404770E-01              5.435390E+03 
4.100000E-02          1.440143E-01              5.565019E+03 
4.200000E-02          1.475531E-01              5.694231E+03 
4.300000E-02          1.510935E-01              5.823025E+03 
4.400000E-02          1.546355E-01              5.951397E+03 
4.500000E-02          1.581792E-01              6.079335E+03 
4.600000E-02          1.617246E-01              6.206831E+03 
4.700000E-02          1.652716E-01              6.333890E+03 
4.800000E-02          1.688204E-01              6.460489E+03 
4.900000E-02          1.723708E-01              6.586633E+03 
5.000000E-02          1.759230E-01              6.712333E+03 
5.100000E-02          1.794769E-01              6.837565E+03 
5.200000E-02          1.830327E-01              6.962314E+03 
5.300000E-02          1.865903E-01              7.086560E+03 
5.400000E-02          1.901499E-01              7.210258E+03 
5.500000E-02          1.937119E-01              7.333342E+03 
5.600000E-02          1.972760E-01              7.455821E+03 
5.700000E-02          2.008425E-01              7.577681E+03 
5.800000E-02          2.044115E-01              7.698859E+03 
5.900000E-02          2.079832E-01              7.819290E+03 
6.000000E-02          2.115577E-01              7.938962E+03 
6.100000E-02          2.151351E-01              8.057846E+03 
6.200000E-02          2.187158E-01              8.175821E+03 
6.300000E-02          2.223000E-01              8.292846E+03 
6.400000E-02          2.258877E-01              8.408906E+03 
6.500000E-02          2.294791E-01              8.523955E+03 
6.600000E-02          2.330743E-01              8.637963E+03 
6.700000E-02          2.366738E-01              8.750778E+03 
6.800000E-02          2.402778E-01              8.862363E+03 
6.900000E-02          2.438861E-01              8.972746E+03 
7.000000E-02          2.474990E-01              9.081875E+03 
7.100000E-02          2.511168E-01              9.189642E+03 
7.200000E-02          2.547395E-01              9.296069E+03 
7.300000E-02          2.583668E-01              9.401204E+03 
7.400000E-02          2.619990E-01              9.504983E+03 
7.500000E-02          2.656362E-01              9.607386E+03 
7.600000E-02          2.692783E-01              9.708423E+03 
7.700000E-02          2.729255E-01              9.808052E+03 
7.800000E-02          2.765779E-01              9.906250E+03 
7.900000E-02          2.802355E-01              1.000298E+04 
8.000000E-02          2.838985E-01              1.009820E+04 
8.100000E-02          2.875668E-01              1.019194E+04 
8.200000E-02          2.912406E-01              1.028419E+04 
8.300000E-02          2.949195E-01              1.037500E+04 
8.400000E-02          2.986037E-01              1.046433E+04 
8.500000E-02          3.022927E-01              1.055223E+04 
8.600000E-02          3.059869E-01              1.063860E+04 
8.700000E-02          3.096864E-01              1.072350E+04 
8.800000E-02          3.133914E-01              1.080688E+04 
8.900000E-02          3.171018E-01              1.088872E+04 
9.000000E-02          3.208175E-01              1.096909E+04 
9.100000E-02          3.245388E-01              1.104789E+04 
9.200000E-02          3.282659E-01              1.112508E+04 
9.300000E-02          3.319984E-01              1.120074E+04 
9.400000E-02          3.357362E-01              1.127491E+04 
9.500000E-02          3.394793E-01              1.134761E+04 
9.600000E-02          3.432284E-01              1.141865E+04 
9.700000E-02          3.469829E-01              1.148816E+04 
9.800000E-02          3.507427E-01              1.155621E+04 
9.900000E-02          3.545084E-01              1.162261E+04 
1.000000E-01          3.582800E-01              1.168738E+04 
1.010000E-01          3.620572E-01              1.175056E+04 
1.020000E-01          3.658404E-01              1.181208E+04 
1.030000E-01          3.696301E-01              1.187183E+04 
1.040000E-01          3.734264E-01              1.192974E+04 
1.050000E-01          3.772295E-01              1.198579E+04 
1.060000E-01          3.810403E-01              1.203975E+04 
1.070000E-01          3.848586E-01              1.209165E+04 
1.080000E-01          3.886844E-01              1.214154E+04 
1.090000E-01          3.925175E-01              1.218944E+04 
1.100000E-01          3.963578E-01              1.223540E+04 
1.110000E-01          4.002059E-01              1.227927E+04 
1.120000E-01          4.040620E-01              1.232102E+04 
1.130000E-01          4.079263E-01              1.236058E+04 
1.140000E-01          4.117995E-01              1.239777E+04 
1.150000E-01          4.156828E-01              1.243231E+04 
1.160000E-01          4.195773E-01              1.246387E+04 
1.170000E-01          4.234847E-01              1.249204E+04 
1.180000E-01          4.274057E-01              1.251662E+04 
1.190000E-01          4.313372E-01              1.253843E+04 
1.200000E-01          4.352755E-01              1.255845E+04 
1.210000E-01          4.392187E-01              1.257722E+04 
1.220000E-01          4.431658E-01              1.259496E+04 
1.230000E-01          4.471163E-01              1.261181E+04 
1.240000E-01          4.510699E-01              1.262787E+04 
1.250000E-01          4.550261E-01              1.264326E+04 
1.260000E-01          4.589846E-01              1.265805E+04 
1.270000E-01          4.629453E-01              1.267230E+04 
1.280000E-01          4.669079E-01              1.268605E+04 
1.290000E-01          4.708724E-01              1.269936E+04 
1.300000E-01          4.748384E-01              1.271224E+04 
1.310000E-01          4.788060E-01              1.272475E+04 
1.320000E-01          4.827750E-01              1.273691E+04 
1.330000E-01          4.867453E-01              1.274875E+04 
1.340000E-01          4.907168E-01              1.276031E+04 
1.350000E-01          4.946893E-01              1.277160E+04 
1.360000E-01          4.986629E-01              1.278265E+04 
1.370000E-01          5.026373E-01              1.279349E+04 
1.380000E-01          5.066126E-01              1.280413E+04 
1.390000E-01          5.105887E-01              1.281457E+04 
1.400000E-01          5.145656E-01              1.282484E+04 
1.410000E-01          5.185432E-01              1.283495E+04 
1.420000E-01          5.225215E-01              1.284489E+04 
1.430000E-01          5.265005E-01              1.285469E+04 
1.440000E-01          5.304800E-01              1.286434E+04 
1.450000E-01          5.344603E-01              1.287385E+04 
1.460000E-01          5.384411E-01              1.288323E+04 
1.470000E-01          5.424224E-01              1.289248E+04 
1.480000E-01          5.464044E-01              1.290161E+04 
1.490000E-01          5.503869E-01              1.291062E+04 
1.500000E-01          5.543699E-01              1.291951E+04 
1.510000E-01          5.583535E-01              1.292829E+04 
1.520000E-01          5.623375E-01              1.293696E+04 
1.530000E-01          5.663221E-01              1.294552E+04 
1.540000E-01          5.703072E-01              1.295398E+04 
1.550000E-01          5.742927E-01              1.296234E+04 
1.560000E-01          5.782787E-01              1.297060E+04 
1.570000E-01          5.822652E-01              1.297875E+04 
1.580000E-01          5.862522E-01              1.298681E+04 
1.590000E-01          5.902396E-01              1.299478E+04 
1.600000E-01          5.942275E-01              1.300265E+04 
1.610000E-01          5.982158E-01              1.301044E+04 
1.620000E-01          6.022045E-01              1.301813E+04 
1.630000E-01          6.061937E-01              1.302574E+04 
1.640000E-01          6.101833E-01              1.303326E+04 
1.650000E-01          6.141734E-01              1.304069E+04 
1.660000E-01          6.181638E-01              1.304805E+04 
1.670000E-01          6.221546E-01              1.305532E+04 
1.680000E-01          6.261459E-01              1.306251E+04 
1.690000E-01          6.301375E-01              1.306963E+04 
1.700000E-01          6.341295E-01              1.307667E+04 
1.710000E-01          6.381219E-01              1.308364E+04 
1.720000E-01          6.421147E-01              1.309054E+04 
1.730000E-01          6.461078E-01              1.309737E+04 
1.740000E-01          6.501013E-01              1.310413E+04 
1.750000E-01          6.540952E-01              1.311082E+04 
1.760000E-01          6.580894E-01              1.311745E+04 
1.770000E-01          6.620839E-01              1.312402E+04 
1.780000E-01          6.660788E-01              1.313052E+04 
1.790000E-01          6.700740E-01              1.313697E+04 
1.800000E-01          6.740695E-01              1.314335E+04 
1.810000E-01          6.780654E-01              1.314967E+04 
1.820000E-01          6.820616E-01              1.315593E+04 
1.830000E-01          6.860581E-01              1.316213E+04 
1.840000E-01          6.900550E-01              1.316827E+04 
1.850000E-01          6.940521E-01              1.317436E+04 
1.860000E-01          6.980496E-01              1.318039E+04 
1.870000E-01          7.020474E-01              1.318636E+04 
1.880000E-01          7.060455E-01              1.319227E+04 
1.890000E-01          7.100440E-01              1.319813E+04 
1.900000E-01          7.140427E-01              1.320393E+04 
1.910000E-01          7.180418E-01              1.320967E+04 
1.920000E-01          7.220412E-01              1.321536E+04 
1.930000E-01          7.260409E-01              1.322099E+04 
1.940000E-01          7.300409E-01              1.322657E+04 
1.950000E-01          7.340413E-01              1.323210E+04 
1.960000E-01          7.380419E-01              1.323757E+04 
1.970000E-01          7.420428E-01              1.324298E+04 
1.980000E-01          7.460441E-01              1.324834E+04 
1.990000E-01          7.500456E-01              1.325365E+04 
2.000000E-01          7.540475E-01              1.325890E+04 
2.010000E-01          7.580497E-01              1.326410E+04 
2.020000E-01          7.620522E-01              1.326925E+04 
2.030000E-01          7.660550E-01              1.327434E+04 
2.040000E-01          7.700582E-01              1.327933E+04 
2.050000E-01          7.740620E-01              1.328422E+04 
2.060000E-01          7.780664E-01              1.328896E+04 
2.070000E-01          7.820714E-01              1.329354E+04 
2.080000E-01          7.860774E-01              1.329790E+04 
2.090000E-01          7.900843E-01              1.330205E+04 
2.100000E-01          7.940922E-01              1.330595E+04 
2.110000E-01          7.981010E-01              1.330963E+04 
2.120000E-01          8.021111E-01              1.331296E+04 
2.130000E-01          8.061229E-01              1.331587E+04 
2.140000E-01          8.101362E-01              1.331835E+04 
2.150000E-01          8.141516E-01              1.332031E+04 
2.160000E-01          8.181692E-01              1.332164E+04 
2.170000E-01          8.221899E-01              1.332213E+04 
2.180000E-01          8.262143E-01              1.332159E+04 
2.190000E-01          8.302434E-01              1.331973E+04 
2.200000E-01          8.342792E-01              1.331592E+04 
2.210000E-01          8.383238E-01              1.330962E+04 
2.220000E-01          8.423800E-01              1.329999E+04 
2.230000E-01          8.464527E-01              1.328562E+04 
2.240000E-01          8.505489E-01              1.326451E+04 
2.250000E-01          8.546772E-01              1.323423E+04 
2.260000E-01          8.588416E-01              1.319362E+04 
2.270000E-01          8.630403E-01              1.314323E+04 
2.280000E-01          8.672372E-01              1.309341E+04 
2.290000E-01          8.713850E-01              1.305775E+04 
2.300000E-01          8.755080E-01              1.302920E+04 
2.310000E-01          8.796060E-01              1.300787E+04 
2.320000E-01          8.836987E-01              1.298806E+04 
2.330000E-01          8.877829E-01              1.297075E+04 
2.340000E-01          8.918590E-01              1.295582E+04 
2.350000E-01          8.959306E-01              1.294218E+04 
2.360000E-01          9.000053E-01              1.292770E+04 
2.370000E-01          9.040765E-01              1.291425E+04 
2.380000E-01          9.081476E-01              1.290086E+04 
2.390000E-01          9.122161E-01              1.288828E+04 
2.400000E-01          9.162808E-01              1.287679E+04 
2.410000E-01          9.203460E-01              1.286523E+04 
2.420000E-01          9.244095E-01              1.285417E+04 
2.430000E-01          9.284697E-01              1.284408E+04 
2.440000E-01          9.325307E-01              1.283383E+04 
2.450000E-01          9.365858E-01              1.282526E+04 
2.460000E-01          9.406437E-01              1.281595E+04 
2.470000E-01          9.447043E-01              1.280588E+04 
2.480000E-01          9.487642E-01              1.279607E+04 
2.490000E-01          9.528232E-01              1.278654E+04 
2.500000E-01          9.568787E-01              1.277805E+04 
2.510000E-01          9.609323E-01              1.277013E+04 
2.520000E-01          9.649894E-01              1.276124E+04 
2.530000E-01          9.690517E-01              1.275091E+04 
2.540000E-01          9.731107E-01              1.274154E+04 
2.550000E-01          9.771706E-01              1.273195E+04 
2.560000E-01          9.812248E-01              1.272402E+04 
2.570000E-01          9.852798E-01              1.271592E+04 
2.580000E-01          9.893395E-01              1.270648E+04 
2.590000E-01          9.934025E-01              1.269612E+04 
2.600000E-01          9.974623E-01              1.268674E+04 
2.610000E-01          1.001525E+00              1.267661E+04 
2.620000E-01          1.005584E+00              1.266744E+04 
2.630000E-01          1.009644E+00              1.265821E+04 
2.640000E-01          1.013708E+00              1.264764E+04 
2.650000E-01          1.017776E+00              1.263617E+04 
2.660000E-01          1.021840E+00              1.262561E+04 
2.670000E-01          1.025905E+00              1.261500E+04 
2.680000E-01          1.029965E+00              1.260593E+04 
2.690000E-01          1.034027E+00              1.259603E+04 
2.700000E-01          1.038095E+00              1.258459E+04 
2.710000E-01          1.042161E+00              1.257378E+04 
2.720000E-01          1.046226E+00              1.256330E+04 
2.730000E-01          1.050290E+00              1.255334E+04 
2.740000E-01          1.054350E+00              1.254430E+04 
2.750000E-01          1.058414E+00              1.253430E+04 
2.760000E-01          1.062482E+00              1.252286E+04 
2.770000E-01          1.066547E+00              1.251271E+04 
2.780000E-01          1.070613E+00              1.250219E+04 
2.790000E-01          1.074673E+00              1.249319E+04 
2.800000E-01          1.078734E+00              1.248417E+04 
2.810000E-01          1.082799E+00              1.247397E+04 
2.820000E-01          1.086867E+00              1.246304E+04 
2.830000E-01          1.090931E+00              1.245319E+04 
2.840000E-01          1.094996E+00              1.244305E+04 
2.850000E-01          1.099055E+00              1.243463E+04 
2.860000E-01          1.103117E+00              1.242555E+04 
2.870000E-01          1.107184E+00              1.241510E+04 
2.880000E-01          1.111249E+00              1.240504E+04 
2.890000E-01          1.115314E+00              1.239518E+04 
2.900000E-01          1.119377E+00              1.238594E+04 
2.910000E-01          1.123437E+00              1.237743E+04 
2.920000E-01          1.127501E+00              1.236785E+04 
2.930000E-01          1.131571E+00              1.235672E+04 
2.940000E-01          1.135635E+00              1.234710E+04 
2.950000E-01          1.139702E+00              1.233684E+04 
2.960000E-01          1.143763E+00              1.232818E+04 
2.970000E-01          1.147826E+00              1.231925E+04 
2.980000E-01          1.151893E+00              1.230905E+04 
2.990000E-01          1.155962E+00              1.229828E+04 
3.000000E-01          1.160028E+00              1.228837E+04 
3.010000E-01          1.164095E+00              1.227824E+04 
3.020000E-01          1.168157E+00              1.226964E+04 
3.030000E-01          1.172222E+00              1.226028E+04 
3.040000E-01          1.176292E+00              1.224947E+04 
3.050000E-01          1.180360E+00              1.223912E+04 
3.060000E-01          1.184428E+00              1.222891E+04 
3.070000E-01          1.188494E+00              1.221937E+04 
3.080000E-01          1.192558E+00              1.221048E+04 
3.090000E-01          1.196625E+00              1.220064E+04 
3.100000E-01          1.200697E+00              1.218933E+04 
3.110000E-01          1.204764E+00              1.217947E+04 
3.120000E-01          1.208834E+00              1.216908E+04 
3.130000E-01          1.212899E+00              1.216000E+04 
3.140000E-01          1.216964E+00              1.215092E+04 
3.150000E-01          1.221033E+00              1.214063E+04 
3.160000E-01          1.225105E+00              1.212956E+04 
3.170000E-01          1.229173E+00              1.211966E+04 
3.180000E-01          1.233244E+00              1.210914E+04 
3.190000E-01          1.237308E+00              1.210057E+04 
3.200000E-01          1.241374E+00              1.209135E+04 
3.210000E-01          1.245445E+00              1.208070E+04 
3.220000E-01          1.249517E+00              1.206985E+04 
3.230000E-01          1.253588E+00              1.205946E+04 
3.240000E-01          1.257659E+00              1.204904E+04 
3.250000E-01          1.261726E+00              1.203978E+04 
3.260000E-01          1.265796E+00              1.202957E+04 
3.270000E-01          1.269873E+00              1.201765E+04 
3.280000E-01          1.273946E+00              1.200664E+04 
3.290000E-01          1.278019E+00              1.199576E+04 
3.300000E-01          1.282088E+00              1.198604E+04 
3.310000E-01          1.286156E+00              1.197686E+04 
3.320000E-01          1.290227E+00              1.196656E+04 
3.330000E-01          1.294303E+00              1.195486E+04 
3.340000E-01          1.298375E+00              1.194461E+04 
3.350000E-01          1.302449E+00              1.193374E+04 
3.360000E-01          1.306516E+00              1.192477E+04 
3.370000E-01          1.310585E+00              1.191530E+04 
3.380000E-01          1.314659E+00              1.190442E+04 
3.390000E-01          1.318734E+00              1.189333E+04 
3.400000E-01          1.322807E+00              1.188274E+04 
3.410000E-01          1.326880E+00              1.187226E+04 
3.420000E-01          1.330949E+00              1.186299E+04 
3.430000E-01          1.335022E+00              1.185277E+04 
3.440000E-01          1.339100E+00              1.184100E+04 
3.450000E-01          1.343174E+00              1.183020E+04 
3.460000E-01          1.347251E+00              1.181893E+04 
3.470000E-01          1.351322E+00              1.180905E+04 
3.480000E-01          1.355394E+00              1.179933E+04 
3.490000E-01          1.359469E+00              1.178834E+04 
3.500000E-01          1.363548E+00              1.177649E+04 
3.510000E-01          1.367624E+00              1.176544E+04 
3.520000E-01          1.371703E+00              1.175390E+04 
3.530000E-01          1.375775E+00              1.174406E+04 
3.540000E-01          1.379849E+00              1.173352E+04 
3.550000E-01          1.383929E+00              1.172159E+04 
3.560000E-01          1.388006E+00              1.171044E+04 
3.570000E-01          1.392083E+00              1.169949E+04 
3.580000E-01          1.396157E+00              1.168942E+04 
3.590000E-01          1.400228E+00              1.167992E+04 
3.600000E-01          1.404304E+00              1.166932E+04 
3.610000E-01          1.408384E+00              1.165742E+04 
3.620000E-01          1.412460E+00              1.164678E+04 
3.630000E-01          1.416539E+00              1.163556E+04 
3.640000E-01          1.420610E+00              1.162627E+04 
3.650000E-01          1.424684E+00              1.161643E+04 
3.660000E-01          1.428762E+00              1.160517E+04 
3.670000E-01          1.432841E+00              1.159389E+04 
3.680000E-01          1.436919E+00              1.158295E+04 
3.690000E-01          1.440996E+00              1.157247E+04 
3.700000E-01          1.445069E+00              1.156292E+04 
3.710000E-01          1.449145E+00              1.155241E+04 
3.720000E-01          1.453227E+00              1.154044E+04 
3.730000E-01          1.457305E+00              1.152973E+04 
3.740000E-01          1.461384E+00              1.151853E+04 
3.750000E-01          1.465458E+00              1.150886E+04 
3.760000E-01          1.469533E+00              1.149903E+04 
3.770000E-01          1.473612E+00              1.148793E+04 
3.780000E-01          1.477694E+00              1.147634E+04 
3.790000E-01          1.481773E+00              1.146545E+04 
3.800000E-01          1.485851E+00              1.145461E+04 
3.810000E-01          1.489926E+00              1.144516E+04 
3.820000E-01          1.494002E+00              1.143496E+04 
3.830000E-01          1.498084E+00              1.142334E+04 
3.840000E-01          1.502164E+00              1.141245E+04 
3.850000E-01          1.506244E+00              1.140143E+04 
3.860000E-01          1.510320E+00              1.139138E+04 
3.870000E-01          1.514396E+00              1.138177E+04 
3.880000E-01          1.518475E+00              1.137108E+04 
3.890000E-01          1.522558E+00              1.135922E+04 
3.900000E-01          1.526638E+00              1.134861E+04 
3.910000E-01          1.530719E+00              1.133739E+04 
3.920000E-01          1.534794E+00              1.132808E+04 
3.930000E-01          1.538870E+00              1.131832E+04 
3.940000E-01          1.542952E+00              1.130722E+04 
3.950000E-01          1.547034E+00              1.129590E+04 
3.960000E-01          1.551114E+00              1.128510E+04 
3.970000E-01          1.555195E+00              1.127438E+04 
3.980000E-01          1.559271E+00              1.126497E+04 
3.990000E-01          1.563349E+00              1.125473E+04 
4.000000E-01          1.567433E+00              1.124311E+04 
4.010000E-01          1.571514E+00              1.123230E+04 
4.020000E-01          1.575596E+00              1.122135E+04 
4.030000E-01          1.579675E+00              1.121126E+04 
4.040000E-01          1.583752E+00              1.120164E+04 
4.050000E-01          1.587833E+00              1.119098E+04 
4.060000E-01          1.591919E+00              1.117909E+04 
4.070000E-01          1.596000E+00              1.116845E+04 
4.080000E-01          1.600083E+00              1.115723E+04 
4.090000E-01          1.604161E+00              1.114771E+04 
4.100000E-01          1.608240E+00              1.113781E+04 
4.110000E-01          1.612323E+00              1.112665E+04 
4.120000E-01          1.616408E+00              1.111526E+04 
4.130000E-01          1.620490E+00              1.110442E+04 
4.140000E-01          1.624573E+00              1.109353E+04 
4.150000E-01          1.628651E+00              1.108400E+04 
4.160000E-01          1.632732E+00              1.107369E+04 
4.170000E-01          1.636818E+00              1.106200E+04 
4.180000E-01          1.640902E+00              1.105094E+04 
4.190000E-01          1.644987E+00              1.103977E+04 
4.200000E-01          1.649068E+00              1.102949E+04 
4.210000E-01          1.653148E+00              1.101963E+04 
4.220000E-01          1.657232E+00              1.100874E+04 
4.230000E-01          1.661319E+00              1.099689E+04 
4.240000E-01          1.665403E+00              1.098616E+04 
4.250000E-01          1.669488E+00              1.097483E+04 
4.260000E-01          1.673568E+00              1.096533E+04 
4.270000E-01          1.677649E+00              1.095526E+04 
4.280000E-01          1.681735E+00              1.094386E+04 
4.290000E-01          1.685822E+00              1.093241E+04 
4.300000E-01          1.689907E+00              1.092127E+04 
4.310000E-01          1.693992E+00              1.091033E+04 
4.320000E-01          1.698074E+00              1.090047E+04 
4.330000E-01          1.702158E+00              1.088969E+04 
4.340000E-01          1.706248E+00              1.087756E+04 
4.350000E-01          1.710334E+00              1.086647E+04 
4.360000E-01          1.714421E+00              1.085509E+04 
4.370000E-01          1.718503E+00              1.084506E+04 
4.380000E-01          1.722585E+00              1.083507E+04 
4.390000E-01          1.726672E+00              1.082391E+04 
4.400000E-01          1.730761E+00              1.081220E+04 
4.410000E-01          1.734847E+00              1.080116E+04 
4.420000E-01          1.738934E+00              1.078995E+04 
4.430000E-01          1.743016E+00              1.078028E+04 
4.440000E-01          1.747101E+00              1.076991E+04 
4.450000E-01          1.751190E+00              1.075820E+04 
4.460000E-01          1.755278E+00              1.074692E+04 
4.470000E-01          1.759366E+00              1.073563E+04 
4.480000E-01          1.763451E+00              1.072516E+04 
4.490000E-01          1.767534E+00              1.071533E+04 
4.500000E-01          1.771621E+00              1.070453E+04 
4.510000E-01          1.775711E+00              1.069266E+04 
4.520000E-01          1.779798E+00              1.068191E+04 
4.530000E-01          1.783886E+00              1.067063E+04 
4.540000E-01          1.787969E+00              1.066106E+04 
4.550000E-01          1.792053E+00              1.065104E+04 
4.560000E-01          1.796142E+00              1.063976E+04 
4.570000E-01          1.800232E+00              1.062836E+04 
4.580000E-01          1.804320E+00              1.061731E+04 
4.590000E-01          1.808408E+00              1.060642E+04 
4.600000E-01          1.812492E+00              1.059667E+04 
4.610000E-01          1.816579E+00              1.058610E+04 
4.620000E-01          1.820671E+00              1.057429E+04 
4.630000E-01          1.824759E+00              1.056337E+04 
4.640000E-01          1.828848E+00              1.055224E+04 
4.650000E-01          1.832934E+00              1.054223E+04 
4.660000E-01          1.837019E+00              1.053236E+04 
4.670000E-01          1.841108E+00              1.052138E+04 
4.680000E-01          1.845200E+00              1.050961E+04 
4.690000E-01          1.849289E+00              1.049870E+04 
4.700000E-01          1.853380E+00              1.048731E+04 
4.710000E-01          1.857465E+00              1.047766E+04 
4.720000E-01          1.861552E+00              1.046742E+04 
4.730000E-01          1.865644E+00              1.045587E+04 
4.740000E-01          1.869735E+00              1.044451E+04 
4.750000E-01          1.873826E+00              1.043331E+04 
4.760000E-01          1.877915E+00              1.042260E+04 
4.770000E-01          1.882001E+00              1.041269E+04 
4.780000E-01          1.886091E+00              1.040186E+04 
4.790000E-01          1.890186E+00              1.038978E+04 
4.800000E-01          1.894276E+00              1.037879E+04 
4.810000E-01          1.898368E+00              1.036737E+04 
4.820000E-01          1.902456E+00              1.035743E+04 
4.830000E-01          1.906543E+00              1.034728E+04 
4.840000E-01          1.910636E+00              1.033595E+04 
4.850000E-01          1.914729E+00              1.032435E+04 
4.860000E-01          1.918820E+00              1.031339E+04 
4.870000E-01          1.922912E+00              1.030240E+04 
4.880000E-01          1.926998E+00              1.029277E+04 
4.890000E-01          1.931087E+00              1.028244E+04 
4.900000E-01          1.935181E+00              1.027086E+04 
4.910000E-01          1.939273E+00              1.025986E+04 
4.920000E-01          1.943365E+00              1.024889E+04 
4.930000E-01          1.947454E+00              1.023870E+04 
4.940000E-01          1.951542E+00              1.022898E+04 
4.950000E-01          1.955633E+00              1.021828E+04 
4.960000E-01          1.959728E+00              1.020651E+04 
4.970000E-01          1.963819E+00              1.019579E+04 
4.980000E-01          1.967913E+00              1.018459E+04 
4.990000E-01          1.972000E+00              1.017497E+04 
5.000000E-01          1.976090E+00              1.016501E+04 
