#INST  CMOD   FORCE   
0.000000E+00          0.000000E+00              0.000000E+00 
1.000000E-03          3.496073E-03              1.395915E+02 
2.000000E-03          6.992308E-03              2.791036E+02 
3.000000E-03          1.048865E-02              4.185638E+02 
4.000000E-03          1.398510E-02              5.580413E+02 
5.000000E-03          1.748166E-02              6.975362E+02 
6.000000E-03          2.097852E-02              8.369119E+02 
7.000000E-03          2.447617E-02              9.761953E+02 
8.000000E-03          2.797449E-02              1.115336E+03 
9.000000E-03          3.147360E-02              1.254302E+03 
1.000000E-02          3.497370E-02              1.393039E+03 
1.100000E-02          3.847472E-02              1.531561E+03 
1.200000E-02          4.197665E-02              1.669877E+03 
1.300000E-02          4.547951E-02              1.807978E+03 
1.400000E-02          4.898336E-02              1.945848E+03 
1.500000E-02          5.248812E-02              2.083508E+03 
1.600000E-02          5.599382E-02              2.220952E+03 
1.700000E-02          5.950055E-02              2.358154E+03 
1.800000E-02          6.300828E-02              2.495120E+03 
1.900000E-02          6.651699E-02              2.631857E+03 
2.000000E-02          7.002666E-02              2.768370E+03 
2.100000E-02          7.353735E-02              2.904641E+03 
2.200000E-02          7.704909E-02              3.040663E+03 
2.300000E-02          8.056187E-02              3.176436E+03 
2.400000E-02          8.407570E-02              3.311961E+03 
2.500000E-02          8.759064E-02              3.447218E+03 
2.600000E-02          9.110672E-02              3.582199E+03 
2.700000E-02          9.462395E-02              3.716899E+03 
2.800000E-02          9.814238E-02              3.851306E+03 
2.900000E-02          1.016620E-01              3.985412E+03 
3.000000E-02          1.051829E-01              4.119212E+03 
3.100000E-02          1.087051E-01              4.252691E+03 
3.200000E-02          1.122286E-01              4.385837E+03 
3.300000E-02          1.157534E-01              4.518648E+03 
3.400000E-02          1.192796E-01              4.651111E+03 
3.500000E-02          1.228073E-01              4.783219E+03 
3.600000E-02          1.263363E-01              4.914971E+03 
3.700000E-02          1.298667E-01              5.046354E+03 
3.800000E-02          1.333987E-01              5.177359E+03 
3.900000E-02          1.369321E-01              5.307989E+03 
4.000000E-02          1.404670E-01              5.438229E+03 
4.100000E-02          1.440034E-01              5.568080E+03 
4.200000E-02          1.475414E-01              5.697523E+03 
4.300000E-02          1.510810E-01              5.826557E+03 
4.400000E-02          1.546221E-01              5.955179E+03 
4.500000E-02          1.581649E-01              6.083380E+03 
4.600000E-02          1.617093E-01              6.211149E+03 
4.700000E-02          1.652553E-01              6.338494E+03 
4.800000E-02          1.688030E-01              6.465390E+03 
4.900000E-02          1.723524E-01              6.591841E+03 
5.000000E-02          1.759035E-01              6.717856E+03 
5.100000E-02          1.794562E-01              6.843419E+03 
5.200000E-02          1.830107E-01              6.968512E+03 
5.300000E-02          1.865671E-01              7.093121E+03 
5.400000E-02          1.901254E-01              7.217204E+03 
5.500000E-02          1.936858E-01              7.340691E+03 
5.600000E-02          1.972485E-01              7.463591E+03 
5.700000E-02          2.008135E-01              7.585885E+03 
5.800000E-02          2.043808E-01              7.707524E+03 
5.900000E-02          2.079508E-01              7.828442E+03 
6.000000E-02          2.115236E-01              7.948606E+03 
6.100000E-02          2.150991E-01              8.068017E+03 
6.200000E-02          2.186778E-01              8.186558E+03 
6.300000E-02          2.222599E-01              8.304176E+03 
6.400000E-02          2.258454E-01              8.420843E+03 
6.500000E-02          2.294345E-01              8.536525E+03 
6.600000E-02          2.330273E-01              8.651203E+03 
6.700000E-02          2.366244E-01              8.764709E+03 
6.800000E-02          2.402258E-01              8.877017E+03 
6.900000E-02          2.438315E-01              8.988134E+03 
7.000000E-02          2.474417E-01              9.098025E+03 
7.100000E-02          2.510566E-01              9.206602E+03 
7.200000E-02          2.546763E-01              9.313832E+03 
7.300000E-02          2.583006E-01              9.419814E+03 
7.400000E-02          2.619299E-01              9.524435E+03 
7.500000E-02          2.655639E-01              9.627729E+03 
7.600000E-02          2.692028E-01              9.729661E+03 
7.700000E-02          2.728467E-01              9.830202E+03 
7.800000E-02          2.764957E-01              9.929336E+03 
7.900000E-02          2.801499E-01              1.002703E+04 
8.000000E-02          2.838093E-01              1.012324E+04 
8.100000E-02          2.874741E-01              1.021798E+04 
8.200000E-02          2.911442E-01              1.031125E+04 
8.300000E-02          2.948194E-01              1.040308E+04 
8.400000E-02          2.984998E-01              1.049348E+04 
8.500000E-02          3.021850E-01              1.058242E+04 
8.600000E-02          3.058753E-01              1.066989E+04 
8.700000E-02          3.095708E-01              1.075591E+04 
8.800000E-02          3.132717E-01              1.084041E+04 
8.900000E-02          3.169781E-01              1.092336E+04 
9.000000E-02          3.206897E-01              1.100487E+04 
9.100000E-02          3.244068E-01              1.108484E+04 
9.200000E-02          3.281296E-01              1.116320E+04 
9.300000E-02          3.318578E-01              1.124006E+04 
9.400000E-02          3.355913E-01              1.131541E+04 
9.500000E-02          3.393300E-01              1.138933E+04 
9.600000E-02          3.430745E-01              1.146163E+04 
9.700000E-02          3.468245E-01              1.153236E+04 
9.800000E-02          3.505798E-01              1.160164E+04 
9.900000E-02          3.543407E-01              1.166934E+04 
1.000000E-01          3.581076E-01              1.173538E+04 
1.010000E-01          3.618802E-01              1.179984E+04 
1.020000E-01          3.656585E-01              1.186270E+04 
1.030000E-01          3.694432E-01              1.192378E+04 
1.040000E-01          3.732345E-01              1.198306E+04 
1.050000E-01          3.770324E-01              1.204051E+04 
1.060000E-01          3.808377E-01              1.209592E+04 
1.070000E-01          3.846507E-01              1.214924E+04 
1.080000E-01          3.884712E-01              1.220055E+04 
1.090000E-01          3.922991E-01              1.224983E+04 
1.100000E-01          3.961341E-01              1.229719E+04 
1.110000E-01          3.999769E-01              1.234247E+04 
1.120000E-01          4.038277E-01              1.238565E+04 
1.130000E-01          4.076864E-01              1.242668E+04 
1.140000E-01          4.115540E-01              1.246538E+04 
1.150000E-01          4.154314E-01              1.250148E+04 
1.160000E-01          4.193196E-01              1.253470E+04 
1.170000E-01          4.232203E-01              1.256465E+04 
1.180000E-01          4.271347E-01              1.259097E+04 
1.190000E-01          4.310611E-01              1.261414E+04 
1.200000E-01          4.349954E-01              1.263525E+04 
1.210000E-01          4.389350E-01              1.265495E+04 
1.220000E-01          4.428789E-01              1.267354E+04 
1.230000E-01          4.468264E-01              1.269120E+04 
1.240000E-01          4.507771E-01              1.270805E+04 
1.250000E-01          4.547304E-01              1.272419E+04 
1.260000E-01          4.586862E-01              1.273972E+04 
1.270000E-01          4.626442E-01              1.275469E+04 
1.280000E-01          4.666041E-01              1.276916E+04 
1.290000E-01          4.705659E-01              1.278315E+04 
1.300000E-01          4.745295E-01              1.279672E+04 
1.310000E-01          4.784946E-01              1.280989E+04 
1.320000E-01          4.824611E-01              1.282271E+04 
1.330000E-01          4.864289E-01              1.283520E+04 
1.340000E-01          4.903980E-01              1.284740E+04 
1.350000E-01          4.943681E-01              1.285934E+04 
1.360000E-01          4.983392E-01              1.287104E+04 
1.370000E-01          5.023113E-01              1.288252E+04 
1.380000E-01          5.062842E-01              1.289380E+04 
1.390000E-01          5.102578E-01              1.290490E+04 
1.400000E-01          5.142323E-01              1.291582E+04 
1.410000E-01          5.182074E-01              1.292657E+04 
1.420000E-01          5.221833E-01              1.293717E+04 
1.430000E-01          5.261598E-01              1.294761E+04 
1.440000E-01          5.301370E-01              1.295792E+04 
1.450000E-01          5.341148E-01              1.296808E+04 
1.460000E-01          5.380932E-01              1.297811E+04 
1.470000E-01          5.420721E-01              1.298802E+04 
1.480000E-01          5.460516E-01              1.299780E+04 
1.490000E-01          5.500317E-01              1.300747E+04 
1.500000E-01          5.540123E-01              1.301702E+04 
1.510000E-01          5.579934E-01              1.302647E+04 
1.520000E-01          5.619749E-01              1.303581E+04 
1.530000E-01          5.659570E-01              1.304505E+04 
1.540000E-01          5.699396E-01              1.305419E+04 
1.550000E-01          5.739226E-01              1.306322E+04 
1.560000E-01          5.779061E-01              1.307217E+04 
1.570000E-01          5.818900E-01              1.308102E+04 
1.580000E-01          5.858744E-01              1.308978E+04 
1.590000E-01          5.898592E-01              1.309844E+04 
1.600000E-01          5.938445E-01              1.310703E+04 
1.610000E-01          5.978302E-01              1.311552E+04 
1.620000E-01          6.018163E-01              1.312393E+04 
1.630000E-01          6.058028E-01              1.313226E+04 
1.640000E-01          6.097898E-01              1.314050E+04 
1.650000E-01          6.137771E-01              1.314867E+04 
1.660000E-01          6.177648E-01              1.315677E+04 
1.670000E-01          6.217529E-01              1.316479E+04 
1.680000E-01          6.257414E-01              1.317274E+04 
1.690000E-01          6.297302E-01              1.318063E+04 
1.700000E-01          6.337193E-01              1.318845E+04 
1.710000E-01          6.377088E-01              1.319621E+04 
1.720000E-01          6.416987E-01              1.320390E+04 
1.730000E-01          6.456888E-01              1.321154E+04 
1.740000E-01          6.496793E-01              1.321913E+04 
1.750000E-01          6.536701E-01              1.322665E+04 
1.760000E-01          6.576612E-01              1.323413E+04 
1.770000E-01          6.616526E-01              1.324154E+04 
1.780000E-01          6.656443E-01              1.324890E+04 
1.790000E-01          6.696364E-01              1.325621E+04 
1.800000E-01          6.736287E-01              1.326347E+04 
1.810000E-01          6.776213E-01              1.327067E+04 
1.820000E-01          6.816143E-01              1.327783E+04 
1.830000E-01          6.856075E-01              1.328493E+04 
1.840000E-01          6.896010E-01              1.329199E+04 
1.850000E-01          6.935948E-01              1.329899E+04 
1.860000E-01          6.975889E-01              1.330595E+04 
1.870000E-01          7.015833E-01              1.331286E+04 
1.880000E-01          7.055780E-01              1.331972E+04 
1.890000E-01          7.095729E-01              1.332654E+04 
1.900000E-01          7.135681E-01              1.333331E+04 
1.910000E-01          7.175636E-01              1.334003E+04 
1.920000E-01          7.215594E-01              1.334671E+04 
1.930000E-01          7.255555E-01              1.335335E+04 
1.940000E-01          7.295518E-01              1.335994E+04 
1.950000E-01          7.335484E-01              1.336649E+04 
1.960000E-01          7.375452E-01              1.337299E+04 
1.970000E-01          7.415423E-01              1.337945E+04 
1.980000E-01          7.455397E-01              1.338588E+04 
1.990000E-01          7.495374E-01              1.339226E+04 
2.000000E-01          7.535353E-01              1.339860E+04 
2.010000E-01          7.575334E-01              1.340490E+04 
2.020000E-01          7.615318E-01              1.341116E+04 
2.030000E-01          7.655305E-01              1.341739E+04 
2.040000E-01          7.695294E-01              1.342357E+04 
2.050000E-01          7.735286E-01              1.342972E+04 
2.060000E-01          7.775280E-01              1.343583E+04 
2.070000E-01          7.815276E-01              1.344191E+04 
2.080000E-01          7.855275E-01              1.344795E+04 
2.090000E-01          7.895276E-01              1.345395E+04 
2.100000E-01          7.935280E-01              1.345992E+04 
2.110000E-01          7.975285E-01              1.346586E+04 
2.120000E-01          8.015294E-01              1.347177E+04 
2.130000E-01          8.055304E-01              1.347764E+04 
2.140000E-01          8.095317E-01              1.348348E+04 
2.150000E-01          8.135331E-01              1.348929E+04 
2.160000E-01          8.175349E-01              1.349507E+04 
2.170000E-01          8.215368E-01              1.350083E+04 
2.180000E-01          8.255389E-01              1.350655E+04 
2.190000E-01          8.295413E-01              1.351224E+04 
2.200000E-01          8.335439E-01              1.351790E+04 
2.210000E-01          8.375467E-01              1.352354E+04 
2.220000E-01          8.415497E-01              1.352914E+04 
2.230000E-01          8.455529E-01              1.353472E+04 
2.240000E-01          8.495563E-01              1.354027E+04 
2.250000E-01          8.535599E-01              1.354579E+04 
2.260000E-01          8.575638E-01              1.355129E+04 
2.270000E-01          8.615679E-01              1.355675E+04 
2.280000E-01          8.655721E-01              1.356219E+04 
2.290000E-01          8.695766E-01              1.356761E+04 
2.300000E-01          8.735813E-01              1.357299E+04 
2.310000E-01          8.775862E-01              1.357835E+04 
2.320000E-01          8.815913E-01              1.358368E+04 
2.330000E-01          8.855966E-01              1.358899E+04 
2.340000E-01          8.896022E-01              1.359427E+04 
2.350000E-01          8.936074E-01              1.359965E+04 
2.360000E-01          8.976133E-01              1.360488E+04 
2.370000E-01          9.016194E-01              1.361009E+04 
2.380000E-01          9.056258E-01              1.361527E+04 
2.390000E-01          9.096323E-01              1.362043E+04 
2.400000E-01          9.136390E-01              1.362556E+04 
2.410000E-01          9.176460E-01              1.363066E+04 
2.420000E-01          9.216531E-01              1.363574E+04 
2.430000E-01          9.256600E-01              1.364092E+04 
2.440000E-01          9.296675E-01              1.364596E+04 
2.450000E-01          9.336752E-01              1.365098E+04 
2.460000E-01          9.376832E-01              1.365596E+04 
2.470000E-01          9.416913E-01              1.366093E+04 
2.480000E-01          9.456996E-01              1.366587E+04 
2.490000E-01          9.497081E-01              1.367079E+04 
2.500000E-01          9.537168E-01              1.367569E+04 
2.510000E-01          9.577257E-01              1.368056E+04 
2.520000E-01          9.617348E-01              1.368541E+04 
2.530000E-01          9.657441E-01              1.369024E+04 
2.540000E-01          9.697536E-01              1.369505E+04 
2.550000E-01          9.737629E-01              1.369994E+04 
2.560000E-01          9.777727E-01              1.370470E+04 
2.570000E-01          9.817828E-01              1.370945E+04 
2.580000E-01          9.857930E-01              1.371417E+04 
2.590000E-01          9.898034E-01              1.371886E+04 
2.600000E-01          9.938141E-01              1.372354E+04 
2.610000E-01          9.978249E-01              1.372819E+04 
2.620000E-01          1.001836E+00              1.373283E+04 
2.630000E-01          1.005847E+00              1.373744E+04 
2.640000E-01          1.009858E+00              1.374203E+04 
2.650000E-01          1.013870E+00              1.374667E+04 
2.660000E-01          1.017882E+00              1.375122E+04 
2.670000E-01          1.021893E+00              1.375575E+04 
2.680000E-01          1.025906E+00              1.376026E+04 
2.690000E-01          1.029918E+00              1.376474E+04 
2.700000E-01          1.033930E+00              1.376921E+04 
2.710000E-01          1.037943E+00              1.377365E+04 
2.720000E-01          1.041956E+00              1.377807E+04 
2.730000E-01          1.045969E+00              1.378247E+04 
2.740000E-01          1.049982E+00              1.378685E+04 
2.750000E-01          1.053996E+00              1.379128E+04 
2.760000E-01          1.058009E+00              1.379562E+04 
2.770000E-01          1.062023E+00              1.379994E+04 
2.780000E-01          1.066037E+00              1.380424E+04 
2.790000E-01          1.070051E+00              1.380860E+04 
2.800000E-01          1.074065E+00              1.381286E+04 
2.810000E-01          1.078080E+00              1.381710E+04 
2.820000E-01          1.082095E+00              1.382132E+04 
2.830000E-01          1.086110E+00              1.382552E+04 
2.840000E-01          1.090125E+00              1.382970E+04 
2.850000E-01          1.094140E+00              1.383386E+04 
2.860000E-01          1.098156E+00              1.383805E+04 
2.870000E-01          1.102171E+00              1.384218E+04 
2.880000E-01          1.106187E+00              1.384633E+04 
2.890000E-01          1.110203E+00              1.385041E+04 
2.900000E-01          1.114219E+00              1.385448E+04 
2.910000E-01          1.118236E+00              1.385852E+04 
2.920000E-01          1.122252E+00              1.386254E+04 
2.930000E-01          1.126269E+00              1.386655E+04 
2.940000E-01          1.130286E+00              1.387053E+04 
2.950000E-01          1.134303E+00              1.387450E+04 
2.960000E-01          1.138320E+00              1.387845E+04 
2.970000E-01          1.142338E+00              1.388237E+04 
2.980000E-01          1.146355E+00              1.388634E+04 
2.990000E-01          1.150373E+00              1.389023E+04 
3.000000E-01          1.154391E+00              1.389410E+04 
3.010000E-01          1.158410E+00              1.389795E+04 
3.020000E-01          1.162428E+00              1.390179E+04 
3.030000E-01          1.166447E+00              1.390560E+04 
3.040000E-01          1.170465E+00              1.390940E+04 
3.050000E-01          1.174484E+00              1.391315E+04 
3.060000E-01          1.178504E+00              1.391688E+04 
3.070000E-01          1.182523E+00              1.392059E+04 
3.080000E-01          1.186543E+00              1.392428E+04 
3.090000E-01          1.190563E+00              1.392795E+04 
3.100000E-01          1.194582E+00              1.393163E+04 
3.110000E-01          1.198603E+00              1.393525E+04 
3.120000E-01          1.202623E+00              1.393884E+04 
3.130000E-01          1.206644E+00              1.394246E+04 
3.140000E-01          1.210664E+00              1.394600E+04 
3.150000E-01          1.214685E+00              1.394951E+04 
3.160000E-01          1.218706E+00              1.395322E+04 
3.170000E-01          1.222727E+00              1.395672E+04 
3.180000E-01          1.226749E+00              1.396019E+04 
3.190000E-01          1.230771E+00              1.396361E+04 
3.200000E-01          1.234793E+00              1.396700E+04 
3.210000E-01          1.238815E+00              1.397036E+04 
3.220000E-01          1.242837E+00              1.397369E+04 
3.230000E-01          1.246860E+00              1.397699E+04 
3.240000E-01          1.250883E+00              1.398026E+04 
3.250000E-01          1.254906E+00              1.398347E+04 
3.260000E-01          1.258930E+00              1.398664E+04 
3.270000E-01          1.262954E+00              1.398978E+04 
3.280000E-01          1.266977E+00              1.399306E+04 
3.290000E-01          1.271001E+00              1.399614E+04 
3.300000E-01          1.275026E+00              1.399916E+04 
3.310000E-01          1.279050E+00              1.400217E+04 
3.320000E-01          1.283076E+00              1.400509E+04 
3.330000E-01          1.287101E+00              1.400797E+04 
3.340000E-01          1.291126E+00              1.401100E+04 
3.350000E-01          1.295152E+00              1.401381E+04 
3.360000E-01          1.299178E+00              1.401653E+04 
3.370000E-01          1.303205E+00              1.401921E+04 
3.380000E-01          1.307232E+00              1.402183E+04 
3.390000E-01          1.311259E+00              1.402439E+04 
3.400000E-01          1.315286E+00              1.402691E+04 
3.410000E-01          1.319314E+00              1.402931E+04 
3.420000E-01          1.323343E+00              1.403162E+04 
3.430000E-01          1.327372E+00              1.403385E+04 
3.440000E-01          1.331401E+00              1.403599E+04 
3.450000E-01          1.335431E+00              1.403803E+04 
3.460000E-01          1.339460E+00              1.404017E+04 
3.470000E-01          1.343490E+00              1.404220E+04 
3.480000E-01          1.347521E+00              1.404400E+04 
3.490000E-01          1.351553E+00              1.404563E+04 
3.500000E-01          1.355585E+00              1.404713E+04 
3.510000E-01          1.359618E+00              1.404851E+04 
3.520000E-01          1.363651E+00              1.404974E+04 
3.530000E-01          1.367685E+00              1.405105E+04 
3.540000E-01          1.371719E+00              1.405202E+04 
3.550000E-01          1.375755E+00              1.405277E+04 
3.560000E-01          1.379791E+00              1.405331E+04 
3.570000E-01          1.383828E+00              1.405362E+04 
3.580000E-01          1.387867E+00              1.405368E+04 
3.590000E-01          1.391906E+00              1.405349E+04 
3.600000E-01          1.395946E+00              1.405296E+04 
3.610000E-01          1.399988E+00              1.405209E+04 
3.620000E-01          1.404031E+00              1.405082E+04 
3.630000E-01          1.408076E+00              1.404912E+04 
3.640000E-01          1.412122E+00              1.404721E+04 
3.650000E-01          1.416171E+00              1.404450E+04 
3.660000E-01          1.420221E+00              1.404120E+04 
3.670000E-01          1.424276E+00              1.403684E+04 
3.680000E-01          1.428334E+00              1.403143E+04 
3.690000E-01          1.432397E+00              1.402476E+04 
3.700000E-01          1.436465E+00              1.401654E+04 
3.710000E-01          1.440540E+00              1.400651E+04 
3.720000E-01          1.444622E+00              1.399440E+04 
3.730000E-01          1.448712E+00              1.398000E+04 
3.740000E-01          1.452811E+00              1.396320E+04 
3.750000E-01          1.456917E+00              1.394439E+04 
3.760000E-01          1.461018E+00              1.392698E+04 
3.770000E-01          1.465117E+00              1.391034E+04 
3.780000E-01          1.469211E+00              1.389496E+04 
3.790000E-01          1.473297E+00              1.388197E+04 
3.800000E-01          1.477378E+00              1.387041E+04 
3.810000E-01          1.481458E+00              1.385922E+04 
3.820000E-01          1.485537E+00              1.384855E+04 
3.830000E-01          1.489612E+00              1.383883E+04 
3.840000E-01          1.493687E+00              1.382898E+04 
3.850000E-01          1.497762E+00              1.381948E+04 
3.860000E-01          1.501834E+00              1.381067E+04 
3.870000E-01          1.505907E+00              1.380160E+04 
3.880000E-01          1.509984E+00              1.379163E+04 
3.890000E-01          1.514055E+00              1.378320E+04 
3.900000E-01          1.518124E+00              1.377567E+04 
3.910000E-01          1.522188E+00              1.376913E+04 
3.920000E-01          1.526254E+00              1.376243E+04 
3.930000E-01          1.530322E+00              1.375495E+04 
3.940000E-01          1.534390E+00              1.374762E+04 
3.950000E-01          1.538458E+00              1.374052E+04 
3.960000E-01          1.542526E+00              1.373308E+04 
3.970000E-01          1.546591E+00              1.372670E+04 
3.980000E-01          1.550658E+00              1.371981E+04 
3.990000E-01          1.554728E+00              1.371209E+04 
4.000000E-01          1.558798E+00              1.370444E+04 
4.010000E-01          1.562867E+00              1.369706E+04 
4.020000E-01          1.566937E+00              1.368949E+04 
4.030000E-01          1.571003E+00              1.368289E+04 
4.040000E-01          1.575071E+00              1.367584E+04 
4.050000E-01          1.579143E+00              1.366796E+04 
4.060000E-01          1.583214E+00              1.366005E+04 
4.070000E-01          1.587280E+00              1.365362E+04 
4.080000E-01          1.591347E+00              1.364723E+04 
4.090000E-01          1.595409E+00              1.364216E+04 
4.100000E-01          1.599472E+00              1.363671E+04 
4.110000E-01          1.603538E+00              1.363044E+04 
4.120000E-01          1.607607E+00              1.362344E+04 
4.130000E-01          1.611672E+00              1.361757E+04 
4.140000E-01          1.615738E+00              1.361138E+04 
4.150000E-01          1.619807E+00              1.360454E+04 
4.160000E-01          1.623873E+00              1.359860E+04 
4.170000E-01          1.627938E+00              1.359269E+04 
4.180000E-01          1.632007E+00              1.358609E+04 
4.190000E-01          1.636078E+00              1.357869E+04 
4.200000E-01          1.640149E+00              1.357139E+04 
4.210000E-01          1.644218E+00              1.356451E+04 
4.220000E-01          1.648290E+00              1.355716E+04 
4.230000E-01          1.652358E+00              1.355076E+04 
4.240000E-01          1.656424E+00              1.354487E+04 
4.250000E-01          1.660492E+00              1.353875E+04 
4.260000E-01          1.664562E+00              1.353180E+04 
4.270000E-01          1.668633E+00              1.352468E+04 
4.280000E-01          1.672702E+00              1.351817E+04 
4.290000E-01          1.676773E+00              1.351113E+04 
4.300000E-01          1.680838E+00              1.350584E+04 
4.310000E-01          1.684905E+00              1.350019E+04 
4.320000E-01          1.688974E+00              1.349375E+04 
4.330000E-01          1.693046E+00              1.348645E+04 
4.340000E-01          1.697119E+00              1.347913E+04 
4.350000E-01          1.701190E+00              1.347241E+04 
4.360000E-01          1.705262E+00              1.346528E+04 
4.370000E-01          1.709334E+00              1.345815E+04 
4.380000E-01          1.713403E+00              1.345202E+04 
4.390000E-01          1.717474E+00              1.344528E+04 
4.400000E-01          1.721547E+00              1.343805E+04 
4.410000E-01          1.725623E+00              1.343011E+04 
4.420000E-01          1.729694E+00              1.342337E+04 
4.430000E-01          1.733767E+00              1.341630E+04 
4.440000E-01          1.737841E+00              1.340883E+04 
4.450000E-01          1.741911E+00              1.340283E+04 
4.460000E-01          1.745982E+00              1.339627E+04 
4.470000E-01          1.750056E+00              1.338881E+04 
4.480000E-01          1.754134E+00              1.338044E+04 
4.490000E-01          1.758210E+00              1.337268E+04 
4.500000E-01          1.762286E+00              1.336489E+04 
4.510000E-01          1.766364E+00              1.335686E+04 
4.520000E-01          1.770436E+00              1.335033E+04 
4.530000E-01          1.774510E+00              1.334318E+04 
4.540000E-01          1.778587E+00              1.333521E+04 
4.550000E-01          1.782667E+00              1.332643E+04 
4.560000E-01          1.786743E+00              1.331901E+04 
4.570000E-01          1.790819E+00              1.331138E+04 
4.580000E-01          1.794898E+00              1.330301E+04 
4.590000E-01          1.798971E+00              1.329650E+04 
4.600000E-01          1.803045E+00              1.328970E+04 
4.610000E-01          1.807122E+00              1.328188E+04 
4.620000E-01          1.811203E+00              1.327307E+04 
4.630000E-01          1.815281E+00              1.326515E+04 
4.640000E-01          1.819358E+00              1.325762E+04 
4.650000E-01          1.823438E+00              1.324937E+04 
4.660000E-01          1.827511E+00              1.324300E+04 
4.670000E-01          1.831585E+00              1.323625E+04 
4.680000E-01          1.835663E+00              1.322844E+04 
4.690000E-01          1.839745E+00              1.321957E+04 
4.700000E-01          1.843825E+00              1.321141E+04 
4.710000E-01          1.847904E+00              1.320344E+04 
4.720000E-01          1.851985E+00              1.319511E+04 
4.730000E-01          1.856060E+00              1.318836E+04 
4.740000E-01          1.860136E+00              1.318126E+04 
4.750000E-01          1.864217E+00              1.317307E+04 
4.760000E-01          1.868302E+00              1.316368E+04 
4.770000E-01          1.872383E+00              1.315541E+04 
4.780000E-01          1.876464E+00              1.314708E+04 
4.790000E-01          1.880548E+00              1.313800E+04 
4.800000E-01          1.884625E+00              1.313100E+04 
4.810000E-01          1.888702E+00              1.312400E+04 
4.820000E-01          1.892782E+00              1.311618E+04 
4.830000E-01          1.896866E+00              1.310725E+04 
4.840000E-01          1.900947E+00              1.309904E+04 
4.850000E-01          1.905028E+00              1.309111E+04 
4.860000E-01          1.909111E+00              1.308256E+04 
4.870000E-01          1.913189E+00              1.307546E+04 
4.880000E-01          1.917267E+00              1.306823E+04 
4.890000E-01          1.921349E+00              1.306017E+04 
4.900000E-01          1.925435E+00              1.305081E+04 
4.910000E-01          1.929521E+00              1.304172E+04 
4.920000E-01          1.933604E+00              1.303321E+04 
4.930000E-01          1.937689E+00              1.302432E+04 
4.940000E-01          1.941768E+00              1.301727E+04 
4.950000E-01          1.945848E+00              1.300984E+04 
4.960000E-01          1.949931E+00              1.300152E+04 
4.970000E-01          1.954019E+00              1.299183E+04 
4.980000E-01          1.958106E+00              1.298280E+04 
4.990000E-01          1.962191E+00              1.297403E+04 
5.000000E-01          1.966279E+00              1.296444E+04 
