#INST  CMOD   FORCE   
0.000000E+00          0.000000E+00              0.000000E+00 
1.000000E-03          3.496073E-03              1.395915E+02 
2.000000E-03          6.992308E-03              2.791036E+02 
3.000000E-03          1.048865E-02              4.185638E+02 
4.000000E-03          1.398510E-02              5.580413E+02 
5.000000E-03          1.748166E-02              6.975362E+02 
6.000000E-03          2.097852E-02              8.369119E+02 
7.000000E-03          2.447617E-02              9.761953E+02 
8.000000E-03          2.797449E-02              1.115336E+03 
9.000000E-03          3.147360E-02              1.254302E+03 
1.000000E-02          3.497370E-02              1.393039E+03 
1.100000E-02          3.847472E-02              1.531561E+03 
1.200000E-02          4.197665E-02              1.669877E+03 
1.300000E-02          4.547951E-02              1.807978E+03 
1.400000E-02          4.898336E-02              1.945848E+03 
1.500000E-02          5.248812E-02              2.083508E+03 
1.600000E-02          5.599382E-02              2.220952E+03 
1.700000E-02          5.950055E-02              2.358154E+03 
1.800000E-02          6.300828E-02              2.495120E+03 
1.900000E-02          6.651699E-02              2.631857E+03 
2.000000E-02          7.002666E-02              2.768370E+03 
2.100000E-02          7.353735E-02              2.904641E+03 
2.200000E-02          7.704909E-02              3.040663E+03 
2.300000E-02          8.056187E-02              3.176436E+03 
2.400000E-02          8.407570E-02              3.311961E+03 
2.500000E-02          8.759064E-02              3.447218E+03 
2.600000E-02          9.110672E-02              3.582199E+03 
2.700000E-02          9.462395E-02              3.716899E+03 
2.800000E-02          9.814238E-02              3.851306E+03 
2.900000E-02          1.016620E-01              3.985412E+03 
3.000000E-02          1.051829E-01              4.119212E+03 
3.100000E-02          1.087051E-01              4.252691E+03 
3.200000E-02          1.122286E-01              4.385837E+03 
3.300000E-02          1.157534E-01              4.518648E+03 
3.400000E-02          1.192796E-01              4.651111E+03 
3.500000E-02          1.228073E-01              4.783219E+03 
3.600000E-02          1.263363E-01              4.914971E+03 
3.700000E-02          1.298667E-01              5.046354E+03 
3.800000E-02          1.333987E-01              5.177359E+03 
3.900000E-02          1.369321E-01              5.307989E+03 
4.000000E-02          1.404670E-01              5.438229E+03 
4.100000E-02          1.440034E-01              5.568080E+03 
4.200000E-02          1.475414E-01              5.697523E+03 
4.300000E-02          1.510810E-01              5.826557E+03 
4.400000E-02          1.546221E-01              5.955179E+03 
4.500000E-02          1.581649E-01              6.083380E+03 
4.600000E-02          1.617093E-01              6.211149E+03 
4.700000E-02          1.652553E-01              6.338494E+03 
4.800000E-02          1.688030E-01              6.465390E+03 
4.900000E-02          1.723524E-01              6.591841E+03 
5.000000E-02          1.759035E-01              6.717856E+03 
5.100000E-02          1.794562E-01              6.843419E+03 
5.200000E-02          1.830107E-01              6.968512E+03 
5.300000E-02          1.865671E-01              7.093121E+03 
5.400000E-02          1.901254E-01              7.217204E+03 
5.500000E-02          1.936858E-01              7.340691E+03 
5.600000E-02          1.972485E-01              7.463591E+03 
5.700000E-02          2.008135E-01              7.585885E+03 
5.800000E-02          2.043808E-01              7.707524E+03 
5.900000E-02          2.079508E-01              7.828442E+03 
6.000000E-02          2.115236E-01              7.948606E+03 
6.100000E-02          2.150991E-01              8.068017E+03 
6.200000E-02          2.186778E-01              8.186558E+03 
6.300000E-02          2.222599E-01              8.304176E+03 
6.400000E-02          2.258454E-01              8.420843E+03 
6.500000E-02          2.294345E-01              8.536525E+03 
6.600000E-02          2.330273E-01              8.651203E+03 
6.700000E-02          2.366244E-01              8.764709E+03 
6.800000E-02          2.402258E-01              8.877017E+03 
6.900000E-02          2.438315E-01              8.988134E+03 
7.000000E-02          2.474417E-01              9.098025E+03 
7.100000E-02          2.510566E-01              9.206602E+03 
7.200000E-02          2.546763E-01              9.313832E+03 
7.300000E-02          2.583006E-01              9.419814E+03 
7.400000E-02          2.619299E-01              9.524435E+03 
7.500000E-02          2.655639E-01              9.627729E+03 
7.600000E-02          2.692028E-01              9.729661E+03 
7.700000E-02          2.728467E-01              9.830202E+03 
7.800000E-02          2.764957E-01              9.929336E+03 
7.900000E-02          2.801499E-01              1.002703E+04 
8.000000E-02          2.838093E-01              1.012324E+04 
8.100000E-02          2.874741E-01              1.021798E+04 
8.200000E-02          2.911442E-01              1.031125E+04 
8.300000E-02          2.948194E-01              1.040308E+04 
8.400000E-02          2.984998E-01              1.049348E+04 
8.500000E-02          3.021850E-01              1.058242E+04 
8.600000E-02          3.058753E-01              1.066989E+04 
8.700000E-02          3.095708E-01              1.075591E+04 
8.800000E-02          3.132717E-01              1.084041E+04 
8.900000E-02          3.169781E-01              1.092336E+04 
9.000000E-02          3.206897E-01              1.100487E+04 
9.100000E-02          3.244068E-01              1.108484E+04 
9.200000E-02          3.281296E-01              1.116320E+04 
9.300000E-02          3.318578E-01              1.124006E+04 
9.400000E-02          3.355913E-01              1.131541E+04 
9.500000E-02          3.393300E-01              1.138933E+04 
9.600000E-02          3.430745E-01              1.146163E+04 
9.700000E-02          3.468245E-01              1.153236E+04 
9.800000E-02          3.505798E-01              1.160164E+04 
9.900000E-02          3.543407E-01              1.166934E+04 
1.000000E-01          3.581076E-01              1.173538E+04 
1.010000E-01          3.618802E-01              1.179984E+04 
1.020000E-01          3.656585E-01              1.186270E+04 
1.030000E-01          3.694432E-01              1.192378E+04 
1.040000E-01          3.732345E-01              1.198306E+04 
1.050000E-01          3.770324E-01              1.204051E+04 
1.060000E-01          3.808377E-01              1.209593E+04 
1.070000E-01          3.846507E-01              1.214925E+04 
1.080000E-01          3.884711E-01              1.220056E+04 
1.090000E-01          3.922990E-01              1.224985E+04 
1.100000E-01          3.961340E-01              1.229721E+04 
1.110000E-01          3.999768E-01              1.234250E+04 
1.120000E-01          4.038275E-01              1.238568E+04 
1.130000E-01          4.076863E-01              1.242671E+04 
1.140000E-01          4.115538E-01              1.246542E+04 
1.150000E-01          4.154312E-01              1.250152E+04 
1.160000E-01          4.193194E-01              1.253476E+04 
1.170000E-01          4.232201E-01              1.256471E+04 
1.180000E-01          4.271345E-01              1.259104E+04 
1.190000E-01          4.310609E-01              1.261422E+04 
1.200000E-01          4.349951E-01              1.263534E+04 
1.210000E-01          4.389347E-01              1.265505E+04 
1.220000E-01          4.428785E-01              1.267365E+04 
1.230000E-01          4.468260E-01              1.269131E+04 
1.240000E-01          4.507766E-01              1.270817E+04 
1.250000E-01          4.547299E-01              1.272433E+04 
1.260000E-01          4.586857E-01              1.273987E+04 
1.270000E-01          4.626436E-01              1.275486E+04 
1.280000E-01          4.666035E-01              1.276933E+04 
1.290000E-01          4.705652E-01              1.278334E+04 
1.300000E-01          4.745287E-01              1.279692E+04 
1.310000E-01          4.784938E-01              1.281011E+04 
1.320000E-01          4.824603E-01              1.282294E+04 
1.330000E-01          4.864281E-01              1.283544E+04 
1.340000E-01          4.903971E-01              1.284765E+04 
1.350000E-01          4.943672E-01              1.285959E+04 
1.360000E-01          4.983383E-01              1.287129E+04 
1.370000E-01          5.023103E-01              1.288278E+04 
1.380000E-01          5.062832E-01              1.289406E+04 
1.390000E-01          5.102569E-01              1.290516E+04 
1.400000E-01          5.142314E-01              1.291608E+04 
1.410000E-01          5.182065E-01              1.292683E+04 
1.420000E-01          5.221824E-01              1.293743E+04 
1.430000E-01          5.261589E-01              1.294787E+04 
1.440000E-01          5.301361E-01              1.295817E+04 
1.450000E-01          5.341139E-01              1.296833E+04 
1.460000E-01          5.380923E-01              1.297836E+04 
1.470000E-01          5.420713E-01              1.298826E+04 
1.480000E-01          5.460508E-01              1.299804E+04 
1.490000E-01          5.500309E-01              1.300770E+04 
1.500000E-01          5.540115E-01              1.301724E+04 
1.510000E-01          5.579926E-01              1.302668E+04 
1.520000E-01          5.619742E-01              1.303601E+04 
1.530000E-01          5.659563E-01              1.304524E+04 
1.540000E-01          5.699389E-01              1.305436E+04 
1.550000E-01          5.739220E-01              1.306339E+04 
1.560000E-01          5.779056E-01              1.307231E+04 
1.570000E-01          5.818896E-01              1.308115E+04 
1.580000E-01          5.858740E-01              1.308989E+04 
1.590000E-01          5.898589E-01              1.309854E+04 
1.600000E-01          5.938442E-01              1.310710E+04 
1.610000E-01          5.978300E-01              1.311558E+04 
1.620000E-01          6.018162E-01              1.312397E+04 
1.630000E-01          6.058028E-01              1.313227E+04 
1.640000E-01          6.097898E-01              1.314050E+04 
1.650000E-01          6.137772E-01              1.314864E+04 
1.660000E-01          6.177650E-01              1.315671E+04 
1.670000E-01          6.217532E-01              1.316471E+04 
1.680000E-01          6.257417E-01              1.317264E+04 
1.690000E-01          6.297306E-01              1.318050E+04 
1.700000E-01          6.337199E-01              1.318830E+04 
1.710000E-01          6.377095E-01              1.319603E+04 
1.720000E-01          6.416994E-01              1.320370E+04 
1.730000E-01          6.456896E-01              1.321132E+04 
1.740000E-01          6.496802E-01              1.321887E+04 
1.750000E-01          6.536711E-01              1.322637E+04 
1.760000E-01          6.576623E-01              1.323382E+04 
1.770000E-01          6.616538E-01              1.324121E+04 
1.780000E-01          6.656456E-01              1.324854E+04 
1.790000E-01          6.696378E-01              1.325582E+04 
1.800000E-01          6.736302E-01              1.326304E+04 
1.810000E-01          6.776230E-01              1.327022E+04 
1.820000E-01          6.816160E-01              1.327733E+04 
1.830000E-01          6.856094E-01              1.328440E+04 
1.840000E-01          6.896030E-01              1.329142E+04 
1.850000E-01          6.935970E-01              1.329839E+04 
1.860000E-01          6.975912E-01              1.330531E+04 
1.870000E-01          7.015857E-01              1.331218E+04 
1.880000E-01          7.055805E-01              1.331901E+04 
1.890000E-01          7.095756E-01              1.332579E+04 
1.900000E-01          7.135710E-01              1.333251E+04 
1.910000E-01          7.175666E-01              1.333920E+04 
1.920000E-01          7.215625E-01              1.334583E+04 
1.930000E-01          7.255587E-01              1.335243E+04 
1.940000E-01          7.295552E-01              1.335897E+04 
1.950000E-01          7.335520E-01              1.336548E+04 
1.960000E-01          7.375490E-01              1.337194E+04 
1.970000E-01          7.415463E-01              1.337836E+04 
1.980000E-01          7.455438E-01              1.338473E+04 
1.990000E-01          7.495416E-01              1.339107E+04 
2.000000E-01          7.535397E-01              1.339736E+04 
2.010000E-01          7.575380E-01              1.340362E+04 
2.020000E-01          7.615366E-01              1.340983E+04 
2.030000E-01          7.655354E-01              1.341601E+04 
2.040000E-01          7.695345E-01              1.342214E+04 
2.050000E-01          7.735338E-01              1.342824E+04 
2.060000E-01          7.775334E-01              1.343430E+04 
2.070000E-01          7.815332E-01              1.344032E+04 
2.080000E-01          7.855333E-01              1.344631E+04 
2.090000E-01          7.895336E-01              1.345226E+04 
2.100000E-01          7.935342E-01              1.345817E+04 
2.110000E-01          7.975350E-01              1.346405E+04 
2.120000E-01          8.015360E-01              1.346990E+04 
2.130000E-01          8.055372E-01              1.347572E+04 
2.140000E-01          8.095387E-01              1.348150E+04 
2.150000E-01          8.135404E-01              1.348726E+04 
2.160000E-01          8.175423E-01              1.349298E+04 
2.170000E-01          8.215444E-01              1.349867E+04 
2.180000E-01          8.255468E-01              1.350433E+04 
2.190000E-01          8.295494E-01              1.350996E+04 
2.200000E-01          8.335522E-01              1.351556E+04 
2.210000E-01          8.375552E-01              1.352113E+04 
2.220000E-01          8.415584E-01              1.352667E+04 
2.230000E-01          8.455619E-01              1.353218E+04 
2.240000E-01          8.495656E-01              1.353766E+04 
2.250000E-01          8.535694E-01              1.354312E+04 
2.260000E-01          8.575735E-01              1.354855E+04 
2.270000E-01          8.615779E-01              1.355394E+04 
2.280000E-01          8.655825E-01              1.355928E+04 
2.290000E-01          8.695874E-01              1.356458E+04 
2.300000E-01          8.735925E-01              1.356985E+04 
2.310000E-01          8.775978E-01              1.357510E+04 
2.320000E-01          8.816033E-01              1.358032E+04 
2.330000E-01          8.856090E-01              1.358551E+04 
2.340000E-01          8.896150E-01              1.359067E+04 
2.350000E-01          8.936212E-01              1.359580E+04 
2.360000E-01          8.976246E-01              1.360171E+04 
2.370000E-01          9.016310E-01              1.360685E+04 
2.380000E-01          9.056377E-01              1.361192E+04 
2.390000E-01          9.096446E-01              1.361697E+04 
2.400000E-01          9.136517E-01              1.362200E+04 
2.410000E-01          9.176590E-01              1.362699E+04 
2.420000E-01          9.216666E-01              1.363193E+04 
2.430000E-01          9.256745E-01              1.363686E+04 
2.440000E-01          9.296798E-01              1.364250E+04 
2.450000E-01          9.336877E-01              1.364745E+04 
2.460000E-01          9.376961E-01              1.365233E+04 
2.470000E-01          9.417046E-01              1.365718E+04 
2.480000E-01          9.457133E-01              1.366200E+04 
2.490000E-01          9.497223E-01              1.366680E+04 
2.500000E-01          9.537315E-01              1.367155E+04 
2.510000E-01          9.577409E-01              1.367628E+04 
2.520000E-01          9.617506E-01              1.368097E+04 
2.530000E-01          9.657605E-01              1.368562E+04 
2.540000E-01          9.697706E-01              1.369025E+04 
2.550000E-01          9.737809E-01              1.369486E+04 
2.560000E-01          9.777892E-01              1.370006E+04 
2.570000E-01          9.817998E-01              1.370467E+04 
2.580000E-01          9.858105E-01              1.370925E+04 
2.590000E-01          9.898215E-01              1.371379E+04 
2.600000E-01          9.938328E-01              1.371828E+04 
2.610000E-01          9.978443E-01              1.372274E+04 
2.620000E-01          1.001856E+00              1.372717E+04 
2.630000E-01          1.005868E+00              1.373158E+04 
2.640000E-01          1.009880E+00              1.373596E+04 
2.650000E-01          1.013890E+00              1.374112E+04 
2.660000E-01          1.017902E+00              1.374555E+04 
2.670000E-01          1.021914E+00              1.374989E+04 
2.680000E-01          1.025927E+00              1.375418E+04 
2.690000E-01          1.029940E+00              1.375844E+04 
2.700000E-01          1.033954E+00              1.376267E+04 
2.710000E-01          1.037967E+00              1.376685E+04 
2.720000E-01          1.041981E+00              1.377099E+04 
2.730000E-01          1.045996E+00              1.377508E+04 
2.740000E-01          1.050010E+00              1.377915E+04 
2.750000E-01          1.054025E+00              1.378319E+04 
2.760000E-01          1.058039E+00              1.378720E+04 
2.770000E-01          1.062052E+00              1.379188E+04 
2.780000E-01          1.066067E+00              1.379592E+04 
2.790000E-01          1.070082E+00              1.379988E+04 
2.800000E-01          1.074098E+00              1.380379E+04 
2.810000E-01          1.078114E+00              1.380767E+04 
2.820000E-01          1.082130E+00              1.381148E+04 
2.830000E-01          1.086146E+00              1.381526E+04 
2.840000E-01          1.090162E+00              1.381942E+04 
2.850000E-01          1.094179E+00              1.382317E+04 
2.860000E-01          1.098196E+00              1.382686E+04 
2.870000E-01          1.102211E+00              1.383107E+04 
2.880000E-01          1.106228E+00              1.383477E+04 
2.890000E-01          1.110246E+00              1.383838E+04 
2.900000E-01          1.114264E+00              1.384194E+04 
2.910000E-01          1.118281E+00              1.384595E+04 
2.920000E-01          1.122299E+00              1.384949E+04 
2.930000E-01          1.126318E+00              1.385296E+04 
2.940000E-01          1.130337E+00              1.385635E+04 
2.950000E-01          1.134356E+00              1.385970E+04 
2.960000E-01          1.138376E+00              1.386298E+04 
2.970000E-01          1.142396E+00              1.386620E+04 
2.980000E-01          1.146416E+00              1.386938E+04 
2.990000E-01          1.150437E+00              1.387252E+04 
3.000000E-01          1.154456E+00              1.387612E+04 
3.010000E-01          1.158477E+00              1.387924E+04 
3.020000E-01          1.162498E+00              1.388225E+04 
3.030000E-01          1.166520E+00              1.388518E+04 
3.040000E-01          1.170542E+00              1.388804E+04 
3.050000E-01          1.174565E+00              1.389086E+04 
3.060000E-01          1.178587E+00              1.389361E+04 
3.070000E-01          1.182610E+00              1.389631E+04 
3.080000E-01          1.186634E+00              1.389894E+04 
3.090000E-01          1.190658E+00              1.390146E+04 
3.100000E-01          1.194682E+00              1.390390E+04 
3.110000E-01          1.198707E+00              1.390627E+04 
3.120000E-01          1.202728E+00              1.390957E+04 
3.130000E-01          1.206753E+00              1.391203E+04 
3.140000E-01          1.210778E+00              1.391426E+04 
3.150000E-01          1.214804E+00              1.391636E+04 
3.160000E-01          1.218830E+00              1.391863E+04 
3.170000E-01          1.222857E+00              1.392052E+04 
3.180000E-01          1.226885E+00              1.392229E+04 
3.190000E-01          1.230913E+00              1.392393E+04 
3.200000E-01          1.234942E+00              1.392543E+04 
3.210000E-01          1.238971E+00              1.392679E+04 
3.220000E-01          1.243001E+00              1.392801E+04 
3.230000E-01          1.247032E+00              1.392909E+04 
3.240000E-01          1.251058E+00              1.393133E+04 
3.250000E-01          1.255089E+00              1.393246E+04 
3.260000E-01          1.259121E+00              1.393322E+04 
3.270000E-01          1.263151E+00              1.393455E+04 
3.280000E-01          1.267185E+00              1.393506E+04 
3.290000E-01          1.271219E+00              1.393531E+04 
3.300000E-01          1.275254E+00              1.393533E+04 
3.310000E-01          1.279290E+00              1.393517E+04 
3.320000E-01          1.283327E+00              1.393482E+04 
3.330000E-01          1.287364E+00              1.393429E+04 
3.340000E-01          1.291401E+00              1.393384E+04 
3.350000E-01          1.295438E+00              1.393341E+04 
3.360000E-01          1.299477E+00              1.393273E+04 
3.370000E-01          1.303516E+00              1.393178E+04 
3.380000E-01          1.307557E+00              1.393048E+04 
3.390000E-01          1.311599E+00              1.392887E+04 
3.400000E-01          1.315636E+00              1.392866E+04 
3.410000E-01          1.319678E+00              1.392693E+04 
3.420000E-01          1.323723E+00              1.392457E+04 
3.430000E-01          1.327769E+00              1.392183E+04 
3.440000E-01          1.331817E+00              1.391876E+04 
3.450000E-01          1.335864E+00              1.391581E+04 
3.460000E-01          1.339914E+00              1.391212E+04 
3.470000E-01          1.343965E+00              1.390803E+04 
3.480000E-01          1.348018E+00              1.390360E+04 
3.490000E-01          1.352071E+00              1.389886E+04 
3.500000E-01          1.356125E+00              1.389409E+04 
3.510000E-01          1.360178E+00              1.388968E+04 
3.520000E-01          1.364232E+00              1.388520E+04 
3.530000E-01          1.368285E+00              1.388072E+04 
3.540000E-01          1.372337E+00              1.387663E+04 
3.550000E-01          1.376390E+00              1.387222E+04 
3.560000E-01          1.380443E+00              1.386796E+04 
3.570000E-01          1.384498E+00              1.386326E+04 
3.580000E-01          1.388555E+00              1.385801E+04 
3.590000E-01          1.392612E+00              1.385243E+04 
3.600000E-01          1.396668E+00              1.384754E+04 
3.610000E-01          1.400724E+00              1.384259E+04 
3.620000E-01          1.404779E+00              1.383787E+04 
3.630000E-01          1.408836E+00              1.383273E+04 
3.640000E-01          1.412895E+00              1.382697E+04 
3.650000E-01          1.416953E+00              1.382168E+04 
3.660000E-01          1.421010E+00              1.381661E+04 
3.670000E-01          1.425066E+00              1.381175E+04 
3.680000E-01          1.429124E+00              1.380630E+04 
3.690000E-01          1.433185E+00              1.380022E+04 
3.700000E-01          1.437244E+00              1.379478E+04 
3.710000E-01          1.441304E+00              1.378880E+04 
3.720000E-01          1.445363E+00              1.378342E+04 
3.730000E-01          1.449423E+00              1.377770E+04 
3.740000E-01          1.453485E+00              1.377134E+04 
3.750000E-01          1.457546E+00              1.376552E+04 
3.760000E-01          1.461607E+00              1.375943E+04 
3.770000E-01          1.465666E+00              1.375428E+04 
3.780000E-01          1.469726E+00              1.374855E+04 
3.790000E-01          1.473790E+00              1.374202E+04 
3.800000E-01          1.477853E+00              1.373564E+04 
3.810000E-01          1.481915E+00              1.372946E+04 
3.820000E-01          1.485976E+00              1.372382E+04 
3.830000E-01          1.490036E+00              1.371832E+04 
3.840000E-01          1.494099E+00              1.371226E+04 
3.850000E-01          1.498164E+00              1.370537E+04 
3.860000E-01          1.502227E+00              1.369932E+04 
3.870000E-01          1.506291E+00              1.369299E+04 
3.880000E-01          1.510351E+00              1.368748E+04 
3.890000E-01          1.514413E+00              1.368198E+04 
3.900000E-01          1.518476E+00              1.367577E+04 
3.910000E-01          1.522542E+00              1.366884E+04 
3.920000E-01          1.526606E+00              1.366266E+04 
3.930000E-01          1.530671E+00              1.365629E+04 
3.940000E-01          1.534734E+00              1.365017E+04 
3.950000E-01          1.538796E+00              1.364477E+04 
3.960000E-01          1.542860E+00              1.363873E+04 
3.970000E-01          1.546926E+00              1.363188E+04 
3.980000E-01          1.550993E+00              1.362496E+04 
3.990000E-01          1.555058E+00              1.361869E+04 
4.000000E-01          1.559125E+00              1.361198E+04 
4.010000E-01          1.563187E+00              1.360647E+04 
4.020000E-01          1.567250E+00              1.360075E+04 
4.030000E-01          1.571316E+00              1.359430E+04 
4.040000E-01          1.575385E+00              1.358704E+04 
4.050000E-01          1.579452E+00              1.358036E+04 
4.060000E-01          1.583519E+00              1.357376E+04 
4.070000E-01          1.587586E+00              1.356709E+04 
4.080000E-01          1.591650E+00              1.356154E+04 
4.090000E-01          1.595715E+00              1.355547E+04 
4.100000E-01          1.599783E+00              1.354867E+04 
4.110000E-01          1.603854E+00              1.354102E+04 
4.120000E-01          1.607922E+00              1.353434E+04 
4.130000E-01          1.611991E+00              1.352748E+04 
4.140000E-01          1.616059E+00              1.352088E+04 
4.150000E-01          1.620123E+00              1.351515E+04 
4.160000E-01          1.624190E+00              1.350883E+04 
4.170000E-01          1.628260E+00              1.350175E+04 
4.180000E-01          1.632333E+00              1.349381E+04 
4.190000E-01          1.636402E+00              1.348706E+04 
4.200000E-01          1.640472E+00              1.348001E+04 
4.210000E-01          1.644541E+00              1.347325E+04 
4.220000E-01          1.648607E+00              1.346749E+04 
4.230000E-01          1.652675E+00              1.346110E+04 
4.240000E-01          1.656746E+00              1.345384E+04 
4.250000E-01          1.660820E+00              1.344579E+04 
4.260000E-01          1.664891E+00              1.343891E+04 
4.270000E-01          1.668962E+00              1.343179E+04 
4.280000E-01          1.673033E+00              1.342473E+04 
4.290000E-01          1.677100E+00              1.341892E+04 
4.300000E-01          1.681168E+00              1.341255E+04 
4.310000E-01          1.685241E+00              1.340520E+04 
4.320000E-01          1.689316E+00              1.339698E+04 
4.330000E-01          1.693389E+00              1.338974E+04 
4.340000E-01          1.697461E+00              1.338255E+04 
4.350000E-01          1.701534E+00              1.337509E+04 
4.360000E-01          1.705602E+00              1.336918E+04 
4.370000E-01          1.709671E+00              1.336291E+04 
4.380000E-01          1.713744E+00              1.335565E+04 
4.390000E-01          1.717820E+00              1.334740E+04 
4.400000E-01          1.721895E+00              1.333987E+04 
4.410000E-01          1.725968E+00              1.333264E+04 
4.420000E-01          1.730043E+00              1.332480E+04 
4.430000E-01          1.734113E+00              1.331865E+04 
4.440000E-01          1.738183E+00              1.331237E+04 
4.450000E-01          1.742256E+00              1.330520E+04 
4.460000E-01          1.746334E+00              1.329690E+04 
4.470000E-01          1.750411E+00              1.328870E+04 
4.480000E-01          1.754485E+00              1.328127E+04 
4.490000E-01          1.758562E+00              1.327339E+04 
4.500000E-01          1.762634E+00              1.326672E+04 
4.510000E-01          1.766706E+00              1.326023E+04 
4.520000E-01          1.770780E+00              1.325310E+04 
4.530000E-01          1.774858E+00              1.324477E+04 
4.540000E-01          1.778938E+00              1.323601E+04 
4.550000E-01          1.783014E+00              1.322840E+04 
4.560000E-01          1.787092E+00              1.322043E+04 
4.570000E-01          1.791167E+00              1.321315E+04 
4.580000E-01          1.795240E+00              1.320651E+04 
4.590000E-01          1.799315E+00              1.319934E+04 
4.600000E-01          1.803394E+00              1.319109E+04 
4.610000E-01          1.807476E+00              1.318183E+04 
4.620000E-01          1.811554E+00              1.317408E+04 
4.630000E-01          1.815632E+00              1.316604E+04 
4.640000E-01          1.819709E+00              1.315848E+04 
4.650000E-01          1.823783E+00              1.315177E+04 
4.660000E-01          1.827859E+00              1.314455E+04 
4.670000E-01          1.831939E+00              1.313636E+04 
4.680000E-01          1.836022E+00              1.312696E+04 
4.690000E-01          1.840102E+00              1.311890E+04 
4.700000E-01          1.844182E+00              1.311074E+04 
4.710000E-01          1.848261E+00              1.310267E+04 
4.720000E-01          1.852336E+00              1.309591E+04 
4.730000E-01          1.856413E+00              1.308872E+04 
4.740000E-01          1.860493E+00              1.308067E+04 
4.750000E-01          1.864577E+00              1.307127E+04 
4.760000E-01          1.868659E+00              1.306287E+04 
4.770000E-01          1.872739E+00              1.305461E+04 
4.780000E-01          1.876821E+00              1.304623E+04 
4.790000E-01          1.880897E+00              1.303932E+04 
4.800000E-01          1.884975E+00              1.303200E+04 
4.810000E-01          1.889056E+00              1.302376E+04 
4.820000E-01          1.893142E+00              1.301427E+04 
4.830000E-01          1.897226E+00              1.300553E+04 
4.840000E-01          1.901308E+00              1.299706E+04 
4.850000E-01          1.905392E+00              1.298837E+04 
4.860000E-01          1.909469E+00              1.298131E+04 
4.870000E-01          1.913549E+00              1.297381E+04 
4.880000E-01          1.917631E+00              1.296552E+04 
4.890000E-01          1.921718E+00              1.295599E+04 
4.900000E-01          1.925802E+00              1.294712E+04 
4.910000E-01          1.929886E+00              1.293856E+04 
4.920000E-01          1.933970E+00              1.292975E+04 
4.930000E-01          1.938049E+00              1.292260E+04 
4.940000E-01          1.942130E+00              1.291499E+04 
4.950000E-01          1.946213E+00              1.290656E+04 
4.960000E-01          1.950302E+00              1.289678E+04 
4.970000E-01          1.954388E+00              1.288778E+04 
4.980000E-01          1.958473E+00              1.287912E+04 
4.990000E-01          1.962558E+00              1.287030E+04 
5.000000E-01          1.966638E+00              1.286310E+04 
