     0.000000000000000       0.000000000000000 
     0.001000000000000       0.000000000000000 
     0.002000000000000       0.000000000000000 
     0.003000000000000       0.000000000000000 
     0.004000000000000       0.000000000000000 
     0.005000000000000       0.000000000000000 
     0.006000000000000       0.000000000000000 
     0.007000000000000       0.000000000000000 
     0.008000000000000       0.000000000000000 
     0.009000000000000       0.000000000000000 
     0.010000000000000       0.000000000000000 
     0.011000000000000       0.000000000000000 
     0.012000000000000       0.000000000000000 
     0.013000000000000       0.000000000000000 
     0.014000000000000       0.000000000000000 
     0.015000000000000       0.000000000000000 
     0.016000000000000       0.000000000000000 
     0.017000000000000       0.000000000000000 
     0.018000000000000       0.000000000000000 
     0.019000000000000       0.000000000000000 
     0.020000000000000       0.000000000000000 
     0.021000000000000       0.000000000000000 
     0.022000000000000       0.000000000000000 
     0.023000000000000       0.000000000000000 
     0.024000000000000       0.000000000000000 
     0.025000000000000       0.000000000000000 
     0.026000000000000       0.000000000000000 
     0.027000000000000       0.000000000000000 
     0.028000000000000       0.000000000000000 
     0.029000000000000       0.000000000000000 
     0.030000000000000       0.000000000000000 
     0.031000000000000       0.000000000000000 
     0.032000000000000       0.000000000000000 
     0.033000000000000       0.000000000000000 
     0.034000000000000       0.000000000000000 
     0.035000000000000       0.000000000000000 
     0.036000000000000       0.000000000000000 
     0.037000000000000       0.000000000000000 
     0.038000000000000       0.000000000000000 
     0.039000000000000       0.000000000000000 
     0.040000000000000       0.000000000000000 
     0.041000000000000       0.000000000000000 
     0.042000000000000       0.000000000000000 
     0.043000000000000       0.000000000000000 
     0.044000000000000       0.000000000000000 
     0.045000000000000       0.000000000000000 
     0.046000000000000       0.000000000000000 
     0.047000000000000       0.000000000000000 
     0.048000000000000       0.000000000000000 
     0.049000000000000       0.000000000000000 
     0.050000000000000       0.000000000000000 
     0.051000000000000       0.000000000000000 
     0.052000000000000       0.000000000000000 
     0.053000000000000       0.000000000000000 
     0.054000000000000       0.000000000000000 
     0.055000000000000       0.000000000000000 
     0.056000000000000       0.000000000000000 
     0.057000000000000       0.000000000000000 
     0.058000000000000       0.000000000000000 
     0.059000000000000       0.000000000000000 
     0.060000000000000       0.000000000000000 
     0.061000000000000       0.000000000000000 
     0.062000000000000       0.000000000000000 
     0.063000000000000       0.000000000000000 
     0.064000000000000       0.000000000000000 
     0.065000000000000       0.000000000000000 
     0.066000000000000       0.000000000000000 
     0.067000000000000       0.000000000000000 
     0.068000000000000       0.000000000000000 
     0.069000000000000       0.000000000000000 
     0.070000000000000       0.000000000000000 
     0.071000000000000       0.000000000000000 
     0.072000000000000       0.000000000000000 
     0.073000000000000       0.000000000000000 
     0.074000000000000       0.000000000000000 
     0.075000000000000       0.000000000000000 
     0.076000000000000       0.000000000000000 
     0.077000000000000       0.000000000000000 
     0.078000000000000       0.000000000000000 
     0.079000000000000       0.000000000000000 
     0.080000000000000       0.000000000000000 
     0.081000000000000       0.000000000000000 
     0.082000000000000       0.000000000000000 
     0.083000000000000       0.000000000000000 
     0.084000000000000       0.000000000000000 
     0.085000000000000       0.000000000000000 
     0.086000000000000       0.000000000000000 
     0.087000000000000       0.000000000000000 
     0.088000000000000       0.000000000000000 
     0.089000000000000       0.000000000000000 
     0.090000000000000       0.000000000000000 
     0.091000000000000       0.000000000000000 
     0.092000000000000       0.000000000000000 
     0.093000000000000       0.000000000000000 
     0.094000000000000       0.000000000000000 
     0.095000000000000       0.000000000000000 
     0.096000000000000       0.000000000000000 
     0.097000000000000       0.000000000000000 
     0.098000000000000       0.000000000000000 
     0.099000000000000       0.000000000000000 
     0.100000000000000       0.000000000000000 
     0.101000000000000       0.000000000000000 
     0.102000000000000       0.000000000000000 
     0.103000000000000       0.000000000000000 
     0.104000000000000       0.000000000000000 
     0.105000000000000       0.000000000000000 
     0.106000000000000       0.000000000000000 
     0.107000000000000       0.000000000000000 
     0.108000000000000       0.000000000000000 
     0.109000000000000       0.000000000000000 
     0.110000000000000       0.000000000000000 
     0.111000000000000       0.000000000000000 
     0.112000000000000       0.000000000000000 
     0.113000000000000       0.000000000000000 
     0.114000000000000       0.000000000000000 
     0.115000000000000       0.000000000000000 
     0.116000000000000       0.000000000000000 
     0.117000000000000       0.000000000000000 
     0.118000000000000       0.000000000000000 
     0.119000000000000       0.000000000000000 
     0.120000000000000       0.000000000000000 
     0.121000000000000       0.000000000000000 
     0.122000000000000       0.000000000000000 
     0.123000000000000       0.000000000000000 
     0.124000000000000       0.000000000000000 
     0.125000000000000       0.000000000000000 
     0.126000000000000       0.000000000000000 
     0.127000000000000       0.000000000000000 
     0.128000000000000       0.000000000000000 
     0.129000000000000       0.000000000000000 
     0.130000000000000       0.000000000000000 
     0.131000000000000       0.000000000000000 
     0.132000000000000       0.000000000000000 
     0.133000000000000       0.000000000000000 
     0.134000000000000       0.000000000000000 
     0.135000000000000       0.000000000000000 
     0.136000000000000       0.000000000000000 
     0.137000000000000       0.000000000000000 
     0.138000000000000       0.000000000000000 
     0.139000000000000       0.000000000000000 
     0.140000000000000       0.000000000000000 
     0.141000000000000       0.000000000000000 
     0.142000000000000       0.000000000000000 
     0.143000000000000       0.000000000000000 
     0.144000000000000       0.000000000000000 
     0.145000000000000       0.000000000000000 
     0.146000000000000       0.000000000000000 
     0.147000000000000       0.000000000000000 
     0.148000000000000       0.000000000000000 
     0.149000000000000       0.000000000000000 
     0.150000000000000       0.000000000000000 
     0.151000000000000       0.000000000000000 
     0.152000000000000       0.000000000000000 
     0.153000000000000       0.000000000000000 
     0.154000000000000       0.000000000000000 
     0.155000000000000       0.000000000000000 
     0.156000000000000       0.000000000000000 
     0.157000000000000       0.000000000000000 
     0.158000000000000       0.000000000000000 
     0.159000000000000       0.000000000000000 
     0.160000000000000       0.000000000000000 
     0.161000000000000       0.000000000000000 
     0.162000000000000       0.000000000000000 
     0.163000000000000       0.000000000000000 
     0.164000000000000       0.000000000000000 
     0.165000000000000       0.000000000000000 
     0.166000000000000       0.000000000000000 
     0.167000000000000       0.000000000000000 
     0.168000000000000       0.000000000000000 
     0.169000000000000       0.000000000000000 
     0.170000000000000       0.000000000000000 
     0.171000000000000       0.000000000000000 
     0.172000000000000       0.000000000000000 
     0.173000000000000       0.000000000000000 
     0.174000000000000       0.000000000000000 
     0.175000000000000       0.000000000000000 
     0.176000000000000       0.000000000000000 
     0.177000000000000       0.000000000000000 
     0.178000000000000       0.000000000000000 
     0.179000000000000       0.000000000000000 
     0.180000000000000       0.000000000000000 
     0.181000000000000       0.000000000000000 
     0.182000000000000       0.000000000000000 
     0.183000000000000       0.000000000000000 
     0.184000000000000       0.000000000000000 
     0.185000000000000       0.000000000000000 
     0.186000000000000       0.000000000000000 
     0.187000000000000       0.000000000000000 
     0.188000000000000       0.000000000000000 
     0.189000000000000       0.000000000000000 
     0.190000000000000       0.000000000000000 
     0.191000000000000       0.000000000000000 
     0.192000000000000       0.000000000000000 
     0.193000000000000       0.000000000000000 
     0.194000000000000       0.000000000000000 
     0.195000000000000       0.000000000000000 
     0.196000000000000       0.000000000000000 
     0.197000000000000       0.000000000000000 
     0.198000000000000       0.000000000000000 
     0.199000000000000       0.000000000000000 
     0.200000000000000       0.000000000000000 
     0.201000000000000       0.000000000000000 
     0.202000000000000       0.000000000000000 
     0.203000000000000       0.000000000000000 
     0.204000000000000       0.000000000000000 
     0.205000000000000       0.000000000000000 
     0.206000000000000       0.000000000000000 
     0.207000000000000       0.000000000000000 
     0.208000000000000       0.000000000000000 
     0.209000000000000       0.000000000000000 
     0.210000000000000       0.000000000000000 
     0.211000000000000       0.000000000000000 
     0.212000000000000       0.000000000000000 
     0.213000000000000       0.000000000000000 
     0.214000000000000       0.000000000000000 
     0.215000000000000       0.000000000000000 
     0.216000000000000       0.000000000000000 
     0.217000000000000       0.000000000000000 
     0.218000000000000       0.000000000000000 
     0.219000000000000       0.000000000000000 
     0.220000000000000       0.000000000000000 
     0.221000000000000       0.000000000000000 
     0.222000000000000       0.000000000000000 
     0.223000000000000       0.000000000000000 
     0.224000000000000       0.000000000000000 
     0.225000000000000       0.000000000000000 
     0.226000000000000       0.000000000000000 
     0.227000000000000       0.000000000000000 
     0.228000000000000       0.000000000000000 
     0.229000000000000       0.000000000000000 
     0.230000000000000       0.000000000000000 
     0.231000000000000       0.000000000000000 
     0.232000000000000       0.000000000000000 
     0.233000000000000       0.000000000000000 
     0.234000000000000       0.000000000000000 
     0.235000000000000       0.000000000000000 
     0.236000000000000       0.000000000000000 
     0.237000000000000       0.000000000000000 
     0.238000000000000       0.000000000000000 
     0.239000000000000       0.000000000000000 
     0.240000000000000       0.000000000000000 
     0.241000000000000       0.000000000000000 
     0.242000000000000       0.000000000000000 
     0.243000000000000       0.000000000000000 
     0.244000000000000       0.000000000000000 
     0.245000000000000       0.000000000000000 
     0.246000000000000       0.000000000000000 
     0.247000000000000       0.000000000000000 
     0.248000000000000       0.000000000000000 
     0.249000000000000       0.000000000000000 
     0.250000000000000       0.000000000000000 
     0.251000000000000       0.000000000000000 
     0.252000000000000       0.000000000000000 
     0.253000000000000       0.000000000000000 
     0.254000000000000       0.000000000000000 
     0.255000000000000       0.000000000000000 
     0.256000000000000       0.000000000000000 
     0.257000000000000       0.000000000000000 
     0.258000000000000       0.000000000000000 
     0.259000000000000       0.000000000000000 
     0.260000000000000       0.000000000000000 
     0.261000000000000       0.000000000000000 
     0.262000000000000       0.000000000000000 
     0.263000000000000       0.000000000000000 
     0.264000000000000       0.000000000000000 
     0.265000000000000       0.000000000000000 
     0.266000000000000       0.000000000000000 
     0.267000000000000       0.000000000000000 
     0.268000000000000       0.000000000000000 
     0.269000000000000       0.000000000000000 
     0.270000000000000       0.000000000000000 
     0.271000000000000       0.000000000000000 
     0.272000000000000       0.000000000000000 
     0.273000000000000       0.000000000000000 
     0.274000000000000       0.000000000000000 
     0.275000000000000       0.000000000000000 
     0.276000000000000       0.000000000000000 
     0.277000000000000       0.000000000000000 
     0.278000000000000       0.000000000000000 
     0.279000000000000       0.000000000000000 
     0.280000000000000       0.000000000000000 
     0.281000000000000       0.000000000000000 
     0.282000000000000       0.000000000000000 
     0.283000000000000       0.000000000000000 
     0.284000000000000       0.000000000000000 
     0.285000000000000       0.000000000000000 
     0.286000000000000       0.000000000000000 
     0.287000000000000       0.000000000000000 
     0.288000000000000       0.000000000000000 
     0.289000000000000       0.000000000000000 
     0.290000000000000       0.000000000000000 
     0.291000000000000       0.000000000000000 
     0.292000000000000       0.000000000000000 
     0.293000000000000       0.000000000000000 
     0.294000000000000       0.000000000000000 
     0.295000000000000       0.000000000000000 
     0.296000000000000       0.000000000000000 
     0.297000000000000       0.000000000000000 
     0.298000000000000       0.000000000000000 
     0.299000000000000       0.000000000000000 
     0.300000000000000       0.000000000000000 
     0.301000000000000       0.000000000000000 
     0.302000000000000       0.000000000000000 
     0.303000000000000       0.000000000000000 
     0.304000000000000       0.000000000000000 
     0.305000000000000       0.000000000000000 
     0.306000000000000       0.000000000000000 
     0.307000000000000       0.000000000000000 
     0.308000000000000       0.000000000000000 
     0.309000000000000       0.000000000000000 
     0.310000000000000       0.000000000000000 
     0.311000000000000       0.000000000000000 
     0.312000000000000       0.000000000000000 
     0.313000000000000       0.000000000000000 
     0.314000000000000       0.000000000000000 
     0.315000000000000       0.000000000000000 
     0.316000000000000       0.000000000000000 
     0.317000000000000       0.000000000000000 
     0.318000000000000       0.000000000000000 
     0.319000000000000       0.000000000000000 
     0.320000000000000       0.000000000000000 
     0.321000000000000       0.000000000000000 
     0.322000000000000       0.000000000000000 
     0.323000000000000       0.000000000000000 
     0.324000000000000       0.001601715878973 
     0.325000000000000       0.007264950323265 
     0.326000000000000       0.007135847640461 
     0.327000000000000       0.007012063658332 
     0.328000000000000       0.006878144003323 
     0.329000000000000       0.006739517159900 
     0.330000000000000       0.006595895317693 
     0.331000000000000       0.006446740531985 
     0.332000000000000       0.006290589524829 
     0.333000000000000       0.006121181815022 
     0.334000000000000       0.005942958523763 
     0.335000000000000       0.005755887291331 
     0.336000000000000       0.005558203438220 
     0.337000000000000       0.011308477107104 
     0.338000000000000       0.011050172460804 
     0.339000000000000       0.010775603397544 
     0.340000000000000       0.010500831506013 
     0.341000000000000       0.010200922056940 
     0.342000000000000       0.016060356302772 
     0.343000000000000       0.029084801300588 
     0.344000000000000       0.028663027137553 
     0.345000000000000       0.028232392327022 
     0.346000000000000       0.027769892598233 
     0.347000000000000       0.034238514566093 
     0.348000000000000       0.033707430551585 
     0.349000000000000       0.040166413935328 
     0.350000000000000       0.039528081842295 
     0.351000000000000       0.038858797886785 
     0.352000000000000       0.038167086876596 
     0.353000000000000       0.044453590840398 
     0.354000000000000       0.043715271232719 
     0.355000000000000       0.050187842025760 
     0.356000000000000       0.049330454187073 
     0.357000000000000       0.048469670339289 
     0.358000000000000       0.055220190900812 
     0.359000000000000       0.054296959036073 
     0.360000000000000       0.061359945586434 
     0.361000000000000       0.060379439960609 
     0.362000000000000       0.059429507531775 
     0.363000000000000       0.058474441487528 
     0.364000000000000       0.065807059760154 
     0.365000000000000       0.064864214245443 
     0.366000000000000       0.072618374248757 
     0.367000000000000       0.071667275004682 
     0.368000000000000       0.070701597311768 
     0.369000000000000       0.078752911149055 
     0.370000000000000       0.077760282125565 
     0.371000000000000       0.085918372207828 
     0.372000000000000       0.084876462973364 
     0.373000000000000       0.083822474866476 
     0.374000000000000       0.082741011043042 
     0.375000000000000       0.090935053346547 
     0.376000000000000       0.089838750122164 
     0.377000000000000       0.098183634706032 
     0.378000000000000       0.097052378386389 
     0.379000000000000       0.095893823186005 
     0.380000000000000       0.104359824170823 
     0.381000000000000       0.103196200424428 
     0.382000000000000       0.102047190933607 
     0.383000000000000       0.110662988160101 
     0.384000000000000       0.109464325812878 
     0.385000000000000       0.108236095830648 
     0.386000000000000       0.107046099848374 
     0.387000000000000       0.115741261923345 
     0.388000000000000       0.114543016610076 
     0.389000000000000       0.123412760774256 
     0.390000000000000       0.122170412548622 
     0.391000000000000       0.120903178491908 
     0.392000000000000       0.119664046613231 
     0.393000000000000       0.128584872389764 
     0.394000000000000       0.127327489774009 
     0.395000000000000       0.126083831974924 
     0.396000000000000       0.135114427429809 
     0.397000000000000       0.133798680337614 
     0.398000000000000       0.132482305320194 
     0.399000000000000       0.131188299073234 
     0.400000000000000       0.140264216142928 
     0.401000000000000       0.138958460141117 
     0.402000000000000       0.137649018254820 
     0.403000000000000       0.146823187043218 
     0.404000000000000       0.145439222072902 
     0.405000000000000       0.144079008248452 
     0.406000000000000       0.142726816362593 
     0.407000000000000       0.151934877753570 
     0.408000000000000       0.150575437272522 
     0.409000000000000       0.149210713189801 
     0.410000000000000       0.158514929930082 
     0.411000000000000       0.157087130408135 
     0.412000000000000       0.155697391789861 
     0.413000000000000       0.154320085937515 
     0.414000000000000       0.163671924998088 
     0.415000000000000       0.162290415323962 
     0.416000000000000       0.160907583999141 
     0.417000000000000       0.170348656054914 
     0.418000000000000       0.168899386219531 
     0.419000000000000       0.167488262581919 
     0.420000000000000       0.166085798529197 
     0.421000000000000       0.175561228915759 
     0.422000000000000       0.174146483912708 
     0.423000000000000       0.172727802818450 
     0.424000000000000       0.182285194333899 
     0.425000000000000       0.180801466266526 
     0.426000000000000       0.179351994364838 
     0.427000000000000       0.177910027455338 
     0.428000000000000       0.187477272501802 
     0.429000000000000       0.186023687206552 
     0.430000000000000       0.184570281698658 
     0.431000000000000       0.194224514538751 
     0.432000000000000       0.192717408767859 
     0.433000000000000       0.191243788977824 
     0.434000000000000       0.189790050942108 
     0.435000000000000       0.199484915402929 
     0.436000000000000       0.198020321358683 
     0.437000000000000       0.196544673809687 
     0.438000000000000       0.206273086820703 
     0.439000000000000       0.204691336955468 
     0.440000000000000       0.203113646919753 
     0.441000000000000       0.201542577257863 
     0.442000000000000       0.199973496976034 
     0.443000000000000       0.209615817717614 
     0.444000000000000       0.208022484316142 
     0.445000000000000       0.206422467313695 
     0.446000000000000       0.216112420350697 
     0.447000000000000       0.214469144323548 
     0.448000000000000       0.212847902209463 
     0.449000000000000       0.211236880893653 
     0.450000000000000       0.220945579011163 
     0.451000000000000       0.219330976354145 
     0.452000000000000       0.217720303329889 
     0.453000000000000       0.227516538995250 
     0.454000000000000       0.225886701156865 
     0.455000000000000       0.224298128072641 
     0.456000000000000       0.222733905141514 
     0.457000000000000       0.232591358203459 
     0.458000000000000       0.231032242021296 
     0.459000000000000       0.229470012017551 
     0.460000000000000       0.239385861472675 
     0.461000000000000       0.237783696161690 
     0.462000000000000       0.236218982079881 
     0.463000000000000       0.234648848317939 
     0.464000000000000       0.244544987529780 
     0.465000000000000       0.242951720303880 
     0.466000000000000       0.241360323771042 
     0.467000000000000       0.251331287751587 
     0.468000000000000       0.249710011428183 
     0.469000000000000       0.248124445254520 
     0.470000000000000       0.246557686017102 
     0.471000000000000       0.256552630485833 
     0.472000000000000       0.254977398829327 
     0.473000000000000       0.253364963913514 
     0.474000000000000       0.263364415769349 
     0.475000000000000       0.261680238791422 
     0.476000000000000       0.260012371769712 
     0.477000000000000       0.258354066529090 
     0.478000000000000       0.268297404992872 
     0.479000000000000       0.266610022410424 
     0.480000000000000       0.264921509180486 
     0.481000000000000       0.274919408013227 
     0.482000000000000       0.273186901355778 
     0.483000000000000       0.271471185572025 
     0.484000000000000       0.269768340507289 
     0.485000000000000       0.279750612955906 
     0.486000000000000       0.278044588839274 
     0.487000000000000       0.276344272907316 
     0.488000000000000       0.286390659710483 
     0.489000000000000       0.284615555171625 
     0.490000000000000       0.282842033850315 
     0.491000000000000       0.281070462361711 
     0.492000000000000       0.291027081547391 
     0.493000000000000       0.289236802871411 
     0.494000000000000       0.287446066675516 
     0.495000000000000       0.297460374468066 
     0.496000000000000       0.295627417773368 
     0.497000000000000       0.293816263233776 
     0.498000000000000       0.292021241861569 
     0.499000000000000       0.302016087832046 
     0.500000000000000       0.300216911930814 
