     0.000000000000000       0.000000000000000 
     0.001000000000000       0.000000000000000 
     0.002000000000000       0.000000000000000 
     0.003000000000000       0.000000000000000 
     0.004000000000000       0.000000000000000 
     0.005000000000000       0.000000000000000 
     0.006000000000000       0.000000000000000 
     0.007000000000000       0.000000000000000 
     0.008000000000000       0.000000000000000 
     0.009000000000000       0.000000000000000 
     0.010000000000000       0.000000000000000 
     0.011000000000000       0.000000000000000 
     0.012000000000000       0.000000000000000 
     0.013000000000000       0.000000000000000 
     0.014000000000000       0.000000000000000 
     0.015000000000000       0.000000000000000 
     0.016000000000000       0.000000000000000 
     0.017000000000000       0.000000000000000 
     0.018000000000000       0.000000000000000 
     0.019000000000000       0.000000000000000 
     0.020000000000000       0.000000000000000 
     0.021000000000000       0.000000000000000 
     0.022000000000000       0.000000000000000 
     0.023000000000000       0.000000000000000 
     0.024000000000000       0.000000000000000 
     0.025000000000000       0.000000000000000 
     0.026000000000000       0.000000000000000 
     0.027000000000000       0.000000000000000 
     0.028000000000000       0.000000000000000 
     0.029000000000000       0.000000000000000 
     0.030000000000000       0.000000000000000 
     0.031000000000000       0.000000000000000 
     0.032000000000000       0.000000000000000 
     0.033000000000000       0.000000000000000 
     0.034000000000000       0.000000000000000 
     0.035000000000000       0.000000000000000 
     0.036000000000000       0.000000000000000 
     0.037000000000000       0.000000000000000 
     0.038000000000000       0.000000000000000 
     0.039000000000000       0.000000000000000 
     0.040000000000000       0.000000000000000 
     0.041000000000000       0.000000000000000 
     0.042000000000000       0.000000000000000 
     0.043000000000000       0.000000000000000 
     0.044000000000000       0.000000000000000 
     0.045000000000000       0.000000000000000 
     0.046000000000000       0.000000000000000 
     0.047000000000000       0.000000000000000 
     0.048000000000000       0.000000000000000 
     0.049000000000000       0.000000000000000 
     0.050000000000000       0.000000000000000 
     0.051000000000000       0.000000000000000 
     0.052000000000000       0.000000000000000 
     0.053000000000000       0.000000000000000 
     0.054000000000000       0.000000000000000 
     0.055000000000000       0.000000000000000 
     0.056000000000000       0.000000000000000 
     0.057000000000000       0.000000000000000 
     0.058000000000000       0.000000000000000 
     0.059000000000000       0.000000000000000 
     0.060000000000000       0.000000000000000 
     0.061000000000000       0.000000000000000 
     0.062000000000000       0.000000000000000 
     0.063000000000000       0.000000000000000 
     0.064000000000000       0.000000000000000 
     0.065000000000000       0.000000000000000 
     0.066000000000000       0.000000000000000 
     0.067000000000000       0.000000000000000 
     0.068000000000000       0.000000000000000 
     0.069000000000000       0.000000000000000 
     0.070000000000000       0.000000000000000 
     0.071000000000000       0.000000000000000 
     0.072000000000000       0.000000000000000 
     0.073000000000000       0.000000000000000 
     0.074000000000000       0.000000000000000 
     0.075000000000000       0.000000000000000 
     0.076000000000000       0.000000000000000 
     0.077000000000000       0.000000000000000 
     0.078000000000000       0.000000000000000 
     0.079000000000000       0.000000000000000 
     0.080000000000000       0.000000000000000 
     0.081000000000000       0.000000000000000 
     0.082000000000000       0.000000000000000 
     0.083000000000000       0.000000000000000 
     0.084000000000000       0.000000000000000 
     0.085000000000000       0.000000000000000 
     0.086000000000000       0.000000000000000 
     0.087000000000000       0.000000000000000 
     0.088000000000000       0.000000000000000 
     0.089000000000000       0.000000000000000 
     0.090000000000000       0.000000000000000 
     0.091000000000000       0.000000000000000 
     0.092000000000000       0.000000000000000 
     0.093000000000000       0.000000000000000 
     0.094000000000000       0.000000000000000 
     0.095000000000000       0.000000000000000 
     0.096000000000000       0.000000000000000 
     0.097000000000000       0.000000000000000 
     0.098000000000000       0.000000000000000 
     0.099000000000000       0.000000000000000 
     0.100000000000000       0.000000000000000 
     0.101000000000000       0.000000000000000 
     0.102000000000000       0.000000000000000 
     0.103000000000000       0.000000000000000 
     0.104000000000000       0.000000000000000 
     0.105000000000000       0.000000000000000 
     0.106000000000000       0.000000000000000 
     0.107000000000000       0.000000000000000 
     0.108000000000000       0.000000000000000 
     0.109000000000000       0.000000000000000 
     0.110000000000000       0.000000000000000 
     0.111000000000000       0.000000000000000 
     0.112000000000000       0.000000000000000 
     0.113000000000000       0.000000000000000 
     0.114000000000000       0.000000000000000 
     0.115000000000000       0.000000000000000 
     0.116000000000000       0.000000000000000 
     0.117000000000000       0.000000000000000 
     0.118000000000000       0.000000000000000 
     0.119000000000000       0.000000000000000 
     0.120000000000000       0.000000000000000 
     0.121000000000000       0.000000000000000 
     0.122000000000000       0.000000000000000 
     0.123000000000000       0.000000000000000 
     0.124000000000000       0.000000000000000 
     0.125000000000000       0.000000000000000 
     0.126000000000000       0.000000000000000 
     0.127000000000000       0.000000000000000 
     0.128000000000000       0.000000000000000 
     0.129000000000000       0.000000000000000 
     0.130000000000000       0.000000000000000 
     0.131000000000000       0.000000000000000 
     0.132000000000000       0.000000000000000 
     0.133000000000000       0.000000000000000 
     0.134000000000000       0.000000000000000 
     0.135000000000000       0.000000000000000 
     0.136000000000000       0.000000000000000 
     0.137000000000000       0.000000000000000 
     0.138000000000000       0.000000000000000 
     0.139000000000000       0.000000000000000 
     0.140000000000000       0.000000000000000 
     0.141000000000000       0.000000000000000 
     0.142000000000000       0.000000000000000 
     0.143000000000000       0.000000000000000 
     0.144000000000000       0.000000000000000 
     0.145000000000000       0.000000000000000 
     0.146000000000000       0.000000000000000 
     0.147000000000000       0.000000000000000 
     0.148000000000000       0.000000000000000 
     0.149000000000000       0.000000000000000 
     0.150000000000000       0.000000000000000 
     0.151000000000000       0.000000000000000 
     0.152000000000000       0.000000000000000 
     0.153000000000000       0.000000000000000 
     0.154000000000000       0.000000000000000 
     0.155000000000000       0.000000000000000 
     0.156000000000000       0.000000000000000 
     0.157000000000000       0.000000000000000 
     0.158000000000000       0.000000000000000 
     0.159000000000000       0.000000000000000 
     0.160000000000000       0.000000000000000 
     0.161000000000000       0.000000000000000 
     0.162000000000000       0.000000000000000 
     0.163000000000000       0.000000000000000 
     0.164000000000000       0.000000000000000 
     0.165000000000000       0.000000000000000 
     0.166000000000000       0.000000000000000 
     0.167000000000000       0.000000000000000 
     0.168000000000000       0.000000000000000 
     0.169000000000000       0.000000000000000 
     0.170000000000000       0.000000000000000 
     0.171000000000000       0.000000000000000 
     0.172000000000000       0.000000000000000 
     0.173000000000000       0.000000000000000 
     0.174000000000000       0.000000000000000 
     0.175000000000000       0.000000000000000 
     0.176000000000000       0.000000000000000 
     0.177000000000000       0.000000000000000 
     0.178000000000000       0.000000000000000 
     0.179000000000000       0.000000000000000 
     0.180000000000000       0.000000000000000 
     0.181000000000000       0.000000000000000 
     0.182000000000000       0.000000000000000 
     0.183000000000000       0.000000000000000 
     0.184000000000000       0.000000000000000 
     0.185000000000000       0.000000000000000 
     0.186000000000000       0.000000000000000 
     0.187000000000000       0.000000000000000 
     0.188000000000000       0.000000000000000 
     0.189000000000000       0.000000000000000 
     0.190000000000000       0.000000000000000 
     0.191000000000000       0.000000000000000 
     0.192000000000000       0.000000000000000 
     0.193000000000000       0.000000000000000 
     0.194000000000000       0.000000000000000 
     0.195000000000000       0.000000000000000 
     0.196000000000000       0.000000000000000 
     0.197000000000000       0.000000000000000 
     0.198000000000000       0.000000000000000 
     0.199000000000000       0.000000000000000 
     0.200000000000000       0.000000000000000 
     0.201000000000000       0.000000000000000 
     0.202000000000000       0.000000000000000 
     0.203000000000000       0.000000000000000 
     0.204000000000000       0.000000000000000 
     0.205000000000000       0.000000000000000 
     0.206000000000000       0.000000000000000 
     0.207000000000000       0.000000000000000 
     0.208000000000000       0.000000000000000 
     0.209000000000000       0.000000000000000 
     0.210000000000000       0.000000000000000 
     0.211000000000000       0.000000000000000 
     0.212000000000000       0.000000000000000 
     0.213000000000000       0.000000000000000 
     0.214000000000000       0.000000000000000 
     0.215000000000000       0.000000000000000 
     0.216000000000000       0.000000000000000 
     0.217000000000000       0.000000000000000 
     0.218000000000000       0.000000000000000 
     0.219000000000000       0.000000000000000 
     0.220000000000000       0.000000000000000 
     0.221000000000000       0.000000000000000 
     0.222000000000000       0.000000000000000 
     0.223000000000000       0.000000000000000 
     0.224000000000000       0.000000000000000 
     0.225000000000000       0.000000000000000 
     0.226000000000000       0.000000000000000 
     0.227000000000000       0.000000000000000 
     0.228000000000000       0.000000000000000 
     0.229000000000000       0.000000000000000 
     0.230000000000000       0.000000000000000 
     0.231000000000000       0.000000000000000 
     0.232000000000000       0.000000000000000 
     0.233000000000000       0.000000000000000 
     0.234000000000000       0.000000000000000 
     0.235000000000000       0.000000000000000 
     0.236000000000000       0.000000000000000 
     0.237000000000000       0.000000000000000 
     0.238000000000000       0.000000000000000 
     0.239000000000000       0.000000000000000 
     0.240000000000000       0.000000000000000 
     0.241000000000000       0.000000000000000 
     0.242000000000000       0.000000000000000 
     0.243000000000000       0.000000000000000 
     0.244000000000000       0.000000000000000 
     0.245000000000000       0.000000000000000 
     0.246000000000000       0.000000000000000 
     0.247000000000000       0.000000000000000 
     0.248000000000000       0.000000000000000 
     0.249000000000000       0.000000000000000 
     0.250000000000000       0.000000000000000 
     0.251000000000000       0.000000000000000 
     0.252000000000000       0.000000000000000 
     0.253000000000000       0.000000000000000 
     0.254000000000000       0.000000000000000 
     0.255000000000000       0.000000000000000 
     0.256000000000000       0.000000000000000 
     0.257000000000000       0.000000000000000 
     0.258000000000000       0.000000000000000 
     0.259000000000000       0.000000000000000 
     0.260000000000000       0.000000000000000 
     0.261000000000000       0.000000000000000 
     0.262000000000000       0.000000000000000 
     0.263000000000000       0.000000000000000 
     0.264000000000000       0.000000000000000 
     0.265000000000000       0.000000000000000 
     0.266000000000000       0.000000000000000 
     0.267000000000000       0.000000000000000 
     0.268000000000000       0.000000000000000 
     0.269000000000000       0.000000000000000 
     0.270000000000000       0.000000000000000 
     0.271000000000000       0.000000000000000 
     0.272000000000000       0.000000000000000 
     0.273000000000000       0.000000000000000 
     0.274000000000000       0.000000000000000 
     0.275000000000000       0.000000000000000 
     0.276000000000000       0.000000000000000 
     0.277000000000000       0.010967337179062 
     0.278000000000000       0.010856017857252 
     0.279000000000000       0.010742395363575 
     0.280000000000000       0.010626467821432 
     0.281000000000000       0.010507941877602 
     0.282000000000000       0.010387435600368 
     0.283000000000000       0.010265437509156 
     0.284000000000000       0.010144309769739 
     0.285000000000000       0.010029028844759 
     0.286000000000000       0.009902367953075 
     0.287000000000000       0.009716181469539 
     0.288000000000000       0.009523152197794 
     0.289000000000000       0.009314278250779 
     0.290000000000000       0.015909029700738 
     0.291000000000000       0.015624334346969 
     0.292000000000000       0.015319415680768 
     0.293000000000000       0.014999124435276 
     0.294000000000000       0.014666207461197 
     0.295000000000000       0.014321880952879 
     0.296000000000000       0.013966313695684 
     0.297000000000000       0.013599650149517 
     0.298000000000000       0.020070169573341 
     0.299000000000000       0.019639141676434 
     0.300000000000000       0.019192057023195 
     0.301000000000000       0.018760172493732 
     0.302000000000000       0.025442136153016 
     0.303000000000000       0.024970471937053 
     0.304000000000000       0.024482478331947 
     0.305000000000000       0.031257849782465 
     0.306000000000000       0.030682334515925 
     0.307000000000000       0.030092391308131 
     0.308000000000000       0.029495574519498 
     0.309000000000000       0.028888648534187 
     0.310000000000000       0.028294059297988 
     0.311000000000000       0.035059799514920 
     0.312000000000000       0.034389858123204 
     0.313000000000000       0.033738740989646 
     0.314000000000000       0.033085137875631 
     0.315000000000000       0.039813621646239 
     0.316000000000000       0.039095792605268 
     0.317000000000000       0.038368012848014 
     0.318000000000000       0.037652394304901 
     0.319000000000000       0.036961728991068 
     0.320000000000000       0.043712099936693 
     0.321000000000000       0.042956550633919 
     0.322000000000000       0.042204390103061 
     0.323000000000000       0.041445175673337 
     0.324000000000000       0.048322152503264 
     0.325000000000000       0.047480608274221 
     0.326000000000000       0.046621572868238 
     0.327000000000000       0.045788653482258 
     0.328000000000000       0.044980397007352 
     0.329000000000000       0.052122054158961 
     0.330000000000000       0.051294273530665 
     0.331000000000000       0.050472305157236 
     0.332000000000000       0.057912887108316 
     0.333000000000000       0.057038901609886 
     0.334000000000000       0.056150529631505 
     0.335000000000000       0.055277623952172 
     0.336000000000000       0.054429106080249 
     0.337000000000000       0.062157439022254 
     0.338000000000000       0.061303530830443 
     0.339000000000000       0.060461863093437 
     0.340000000000000       0.068562894903614 
     0.341000000000000       0.067673129890771 
     0.342000000000000       0.066764814594100 
     0.343000000000000       0.065873795808958 
     0.344000000000000       0.074246753608888 
     0.345000000000000       0.073317627187359 
     0.346000000000000       0.072383102083451 
     0.347000000000000       0.080776173274852 
     0.348000000000000       0.079792260179964 
     0.349000000000000       0.078793195099900 
     0.350000000000000       0.077797736688925 
     0.351000000000000       0.086235839774943 
     0.352000000000000       0.085206251098885 
     0.353000000000000       0.084201014577218 
     0.354000000000000       0.092719681491664 
     0.355000000000000       0.091635746530825 
     0.356000000000000       0.090532412201171 
     0.357000000000000       0.089457104652965 
     0.358000000000000       0.098115676770171 
     0.359000000000000       0.097020041853666 
     0.360000000000000       0.095940678233703 
     0.361000000000000       0.104701511391502 
     0.362000000000000       0.103547934379931 
     0.363000000000000       0.102375391506909 
     0.364000000000000       0.101253774379026 
     0.365000000000000       0.110115784492075 
     0.366000000000000       0.108970733077291 
     0.367000000000000       0.107843873140789 
     0.368000000000000       0.116828795443938 
     0.369000000000000       0.115635714643343 
     0.370000000000000       0.114419655789177 
     0.371000000000000       0.113252685818786 
     0.372000000000000       0.112092727209260 
     0.373000000000000       0.121104727849964 
     0.374000000000000       0.119919245681386 
     0.375000000000000       0.118727846631870 
     0.376000000000000       0.127822296232960 
     0.377000000000000       0.126546513704762 
     0.378000000000000       0.125300875496176 
     0.379000000000000       0.124071198445355 
     0.380000000000000       0.133242507358112 
     0.381000000000000       0.131986860051587 
     0.382000000000000       0.130724994837463 
     0.383000000000000       0.139980582149832 
     0.384000000000000       0.138643386075582 
     0.385000000000000       0.137319134592888 
     0.386000000000000       0.136018547251519 
     0.387000000000000       0.145317842329527 
     0.388000000000000       0.143991625577629 
     0.389000000000000       0.142666980728235 
     0.390000000000000       0.141332018756412 
     0.391000000000000       0.150656960689131 
     0.392000000000000       0.149254170131663 
     0.393000000000000       0.147887807339702 
     0.394000000000000       0.146529654177838 
     0.395000000000000       0.155909010861951 
     0.396000000000000       0.154523250583514 
     0.397000000000000       0.153132249363836 
     0.398000000000000       0.162572496139404 
     0.399000000000000       0.161107195695754 
     0.400000000000000       0.159675505160996 
     0.401000000000000       0.158256330558062 
     0.402000000000000       0.167733256054147 
     0.403000000000000       0.166293087613827 
     0.404000000000000       0.164852049265996 
     0.405000000000000       0.174405216244114 
     0.406000000000000       0.172894690361796 
     0.407000000000000       0.171400233824468 
     0.408000000000000       0.169930789479857 
     0.409000000000000       0.168472983708734 
     0.410000000000000       0.178010356636111 
     0.411000000000000       0.176526954991454 
     0.412000000000000       0.175036468702297 
     0.413000000000000       0.184626847626147 
     0.414000000000000       0.183071562500642 
     0.415000000000000       0.181554673360711 
     0.416000000000000       0.180046039853124 
     0.417000000000000       0.189662080406437 
     0.418000000000000       0.188133162268240 
     0.419000000000000       0.186600540172208 
     0.420000000000000       0.196281468759691 
     0.421000000000000       0.194677891427379 
     0.422000000000000       0.193089382203327 
     0.423000000000000       0.191513867675468 
     0.424000000000000       0.189948954138689 
     0.425000000000000       0.199570923886039 
     0.426000000000000       0.197970414038359 
     0.427000000000000       0.196359532030757 
     0.428000000000000       0.206022186266249 
     0.429000000000000       0.204349929427330 
     0.430000000000000       0.202700030521978 
     0.431000000000000       0.201054386871428 
     0.432000000000000       0.210711688974913 
     0.433000000000000       0.209041360287534 
     0.434000000000000       0.207362182928417 
     0.435000000000000       0.217063653523983 
     0.436000000000000       0.215314762199279 
     0.437000000000000       0.213603276666054 
     0.438000000000000       0.211899477969020 
     0.439000000000000       0.221590067254811 
     0.440000000000000       0.219863850198470 
     0.441000000000000       0.218131342370382 
     0.442000000000000       0.227867757561313 
     0.443000000000000       0.226064646040509 
     0.444000000000000       0.224284742873191 
     0.445000000000000       0.222519858476213 
     0.446000000000000       0.220768943736536 
     0.447000000000000       0.230451805656857 
     0.448000000000000       0.228665882750196 
     0.449000000000000       0.226868228572716 
     0.450000000000000       0.236581364390835 
     0.451000000000000       0.234745330914995 
     0.452000000000000       0.232932079692533 
     0.453000000000000       0.231135493611140 
     0.454000000000000       0.240859908669501 
     0.455000000000000       0.239036968677429 
     0.456000000000000       0.237206638008933 
     0.457000000000000       0.246962165152052 
     0.458000000000000       0.245093221622430 
     0.459000000000000       0.243253442593833 
     0.460000000000000       0.241429357523304 
     0.461000000000000       0.251202513709703 
     0.462000000000000       0.249356943019700 
     0.463000000000000       0.247505979807498 
     0.464000000000000       0.257319720217691 
     0.465000000000000       0.255435844334514 
     0.466000000000000       0.253584120167961 
     0.467000000000000       0.251749577036941 
     0.468000000000000       0.261580423004357 
     0.469000000000000       0.259726044001678 
     0.470000000000000       0.257868625554497 
     0.471000000000000       0.267735880966296 
     0.472000000000000       0.265849193915885 
     0.473000000000000       0.263992809342021 
     0.474000000000000       0.262156819358786 
     0.475000000000000       0.272045846331828 
     0.476000000000000       0.270203057866311 
     0.477000000000000       0.268359767921405 
     0.478000000000000       0.278312906240284 
     0.479000000000000       0.276455385973868 
     0.480000000000000       0.274623819062963 
     0.481000000000000       0.272810436508637 
     0.482000000000000       0.282770804615406 
     0.483000000000000       0.280942132760442 
     0.484000000000000       0.279089385629470 
     0.485000000000000       0.289058325143882 
     0.486000000000000       0.287158383761856 
     0.487000000000000       0.285296444373655 
     0.488000000000000       0.283444177561812 
     0.489000000000000       0.293404227240798 
     0.490000000000000       0.291551706672687 
     0.491000000000000       0.289705254751581 
     0.492000000000000       0.299726779269740 
     0.493000000000000       0.297821903473150 
     0.494000000000000       0.295950739040256 
     0.495000000000000       0.294091671799682 
     0.496000000000000       0.292250783093824 
     0.497000000000000       0.302207338899223 
     0.498000000000000       0.300355169509297 
     0.499000000000000       0.298507464407882 
     0.500000000000000       0.308523263467336 
