     0.000000000000000       0.000000000000000 
     0.001000000000000       0.000000000000000 
     0.002000000000000       0.000000000000000 
     0.003000000000000       0.000000000000000 
     0.004000000000000       0.000000000000000 
     0.005000000000000       0.000000000000000 
     0.006000000000000       0.000000000000000 
     0.007000000000000       0.000000000000000 
     0.008000000000000       0.000000000000000 
     0.009000000000000       0.000000000000000 
     0.010000000000000       0.000000000000000 
     0.011000000000000       0.000000000000000 
     0.012000000000000       0.000000000000000 
     0.013000000000000       0.000000000000000 
     0.014000000000000       0.000000000000000 
     0.015000000000000       0.000000000000000 
     0.016000000000000       0.000000000000000 
     0.017000000000000       0.000000000000000 
     0.018000000000000       0.000000000000000 
     0.019000000000000       0.000000000000000 
     0.020000000000000       0.000000000000000 
     0.021000000000000       0.000000000000000 
     0.022000000000000       0.000000000000000 
     0.023000000000000       0.000000000000000 
     0.024000000000000       0.000000000000000 
     0.025000000000000       0.000000000000000 
     0.026000000000000       0.000000000000000 
     0.027000000000000       0.000000000000000 
     0.028000000000000       0.000000000000000 
     0.029000000000000       0.000000000000000 
     0.030000000000000       0.000000000000000 
     0.031000000000000       0.000000000000000 
     0.032000000000000       0.000000000000000 
     0.033000000000000       0.000000000000000 
     0.034000000000000       0.000000000000000 
     0.035000000000000       0.000000000000000 
     0.036000000000000       0.000000000000000 
     0.037000000000000       0.000000000000000 
     0.038000000000000       0.000000000000000 
     0.039000000000000       0.000000000000000 
     0.040000000000000       0.000000000000000 
     0.041000000000000       0.000000000000000 
     0.042000000000000       0.000000000000000 
     0.043000000000000       0.000000000000000 
     0.044000000000000       0.000000000000000 
     0.045000000000000       0.000000000000000 
     0.046000000000000       0.000000000000000 
     0.047000000000000       0.000000000000000 
     0.048000000000000       0.000000000000000 
     0.049000000000000       0.000000000000000 
     0.050000000000000       0.000000000000000 
     0.051000000000000       0.000000000000000 
     0.052000000000000       0.000000000000000 
     0.053000000000000       0.000000000000000 
     0.054000000000000       0.000000000000000 
     0.055000000000000       0.000000000000000 
     0.056000000000000       0.000000000000000 
     0.057000000000000       0.000000000000000 
     0.058000000000000       0.000000000000000 
     0.059000000000000       0.000000000000000 
     0.060000000000000       0.000000000000000 
     0.061000000000000       0.000000000000000 
     0.062000000000000       0.000000000000000 
     0.063000000000000       0.000000000000000 
     0.064000000000000       0.000000000000000 
     0.065000000000000       0.000000000000000 
     0.066000000000000       0.000000000000000 
     0.067000000000000       0.000000000000000 
     0.068000000000000       0.000000000000000 
     0.069000000000000       0.000000000000000 
     0.070000000000000       0.000000000000000 
     0.071000000000000       0.000000000000000 
     0.072000000000000       0.000000000000000 
     0.073000000000000       0.000000000000000 
     0.074000000000000       0.000000000000000 
     0.075000000000000       0.000000000000000 
     0.076000000000000       0.000000000000000 
     0.077000000000000       0.000000000000000 
     0.078000000000000       0.000000000000000 
     0.079000000000000       0.000000000000000 
     0.080000000000000       0.000000000000000 
     0.081000000000000       0.000000000000000 
     0.082000000000000       0.000000000000000 
     0.083000000000000       0.000000000000000 
     0.084000000000000       0.000000000000000 
     0.085000000000000       0.000000000000000 
     0.086000000000000       0.000000000000000 
     0.087000000000000       0.000000000000000 
     0.088000000000000       0.000000000000000 
     0.089000000000000       0.000000000000000 
     0.090000000000000       0.000000000000000 
     0.091000000000000       0.000000000000000 
     0.092000000000000       0.000000000000000 
     0.093000000000000       0.000000000000000 
     0.094000000000000       0.000000000000000 
     0.095000000000000       0.000000000000000 
     0.096000000000000       0.000000000000000 
     0.097000000000000       0.000000000000000 
     0.098000000000000       0.000000000000000 
     0.099000000000000       0.000000000000000 
     0.100000000000000       0.000000000000000 
     0.101000000000000       0.000000000000000 
     0.102000000000000       0.000000000000000 
     0.103000000000000       0.000000000000000 
     0.104000000000000       0.000000000000000 
     0.105000000000000       0.000000000000000 
     0.106000000000000       0.000000000000000 
     0.107000000000000       0.000000000000000 
     0.108000000000000       0.000000000000000 
     0.109000000000000       0.000000000000000 
     0.110000000000000       0.000000000000000 
     0.111000000000000       0.000000000000000 
     0.112000000000000       0.000000000000000 
     0.113000000000000       0.000000000000000 
     0.114000000000000       0.000000000000000 
     0.115000000000000       0.000000000000000 
     0.116000000000000       0.000000000000000 
     0.117000000000000       0.000000000000000 
     0.118000000000000       0.000000000000000 
     0.119000000000000       0.000000000000000 
     0.120000000000000       0.000000000000000 
     0.121000000000000       0.000000000000000 
     0.122000000000000       0.000000000000000 
     0.123000000000000       0.000000000000000 
     0.124000000000000       0.000000000000000 
     0.125000000000000       0.000000000000000 
     0.126000000000000       0.000000000000000 
     0.127000000000000       0.000000000000000 
     0.128000000000000       0.000000000000000 
     0.129000000000000       0.000000000000000 
     0.130000000000000       0.000000000000000 
     0.131000000000000       0.000000000000000 
     0.132000000000000       0.000000000000000 
     0.133000000000000       0.000000000000000 
     0.134000000000000       0.000000000000000 
     0.135000000000000       0.003519786868020 
     0.136000000000000       0.003314061425895 
     0.137000000000000       0.003124131658303 
     0.138000000000000       0.002986394521717 
     0.139000000000000       0.002871885931292 
     0.140000000000000       0.002762139686720 
     0.141000000000000       0.002649987959357 
     0.142000000000000       0.002546169755426 
     0.143000000000000       0.011301476880352 
     0.144000000000000       0.010641855734344 
     0.145000000000000       0.010010886169777 
     0.146000000000000       0.009490315993222 
     0.147000000000000       0.009048120998449 
     0.148000000000000       0.008681423727991 
     0.149000000000000       0.008366669088874 
     0.150000000000000       0.008017927694974 
     0.151000000000000       0.007622815670617 
     0.152000000000000       0.015900207202437 
     0.153000000000000       0.015366497930994 
     0.154000000000000       0.014827352075770 
     0.155000000000000       0.014427690299478 
     0.156000000000000       0.014061852316045 
     0.157000000000000       0.013838921562982 
     0.158000000000000       0.013913145550017 
     0.159000000000000       0.014168601138467 
     0.160000000000000       0.014214535723744 
     0.161000000000000       0.014153397926336 
     0.162000000000000       0.014081934492291 
     0.163000000000000       0.014003386517823 
     0.164000000000000       0.013843249606738 
     0.165000000000000       0.020518598267063 
     0.166000000000000       0.019774341410228 
     0.167000000000000       0.019051371002488 
     0.168000000000000       0.018371726000689 
     0.169000000000000       0.017613680512618 
     0.170000000000000       0.016790935490642 
     0.171000000000000       0.016031986952852 
     0.172000000000000       0.015350909752060 
     0.173000000000000       0.022494591881678 
     0.174000000000000       0.021735846344255 
     0.175000000000000       0.021073216152526 
     0.176000000000000       0.020501363566050 
     0.177000000000000       0.019940002857398 
     0.178000000000000       0.019326596301411 
     0.179000000000000       0.018665347852812 
     0.180000000000000       0.026523302433754 
     0.181000000000000       0.025616339209375 
     0.182000000000000       0.024964637184025 
     0.183000000000000       0.024411500585073 
     0.184000000000000       0.023840815843846 
     0.185000000000000       0.023214190155311 
     0.186000000000000       0.022478654061212 
     0.187000000000000       0.030317270348105 
     0.188000000000000       0.029268038993928 
     0.189000000000000       0.028276972869259 
     0.190000000000000       0.027379391965374 
     0.191000000000000       0.026516334314518 
     0.192000000000000       0.025615738257086 
     0.193000000000000       0.033544599663163 
     0.194000000000000       0.032296144729749 
     0.195000000000000       0.031152592346841 
     0.196000000000000       0.030115076869885 
     0.197000000000000       0.038398607220817 
     0.198000000000000       0.037185513111961 
     0.199000000000000       0.036003591546979 
     0.200000000000000       0.034880475823513 
     0.201000000000000       0.043136601086360 
     0.202000000000000       0.041638765442837 
     0.203000000000000       0.040052813219974 
     0.204000000000000       0.038718398211714 
     0.205000000000000       0.047241300406196 
     0.206000000000000       0.045860027325279 
     0.207000000000000       0.044582151488125 
     0.208000000000000       0.043345544952400 
     0.209000000000000       0.052862778563014 
     0.210000000000000       0.062796085961491 
     0.211000000000000       0.061259712705930 
     0.212000000000000       0.071557427290738 
     0.213000000000000       0.082280480869949 
     0.214000000000000       0.080502682104269 
     0.215000000000000       0.091431637111805 
     0.216000000000000       0.102283198556016 
     0.217000000000000       0.100137714147881 
     0.218000000000000       0.110894681563389 
     0.219000000000000       0.121662501474869 
     0.220000000000000       0.119323447806643 
     0.221000000000000       0.130125170303335 
     0.222000000000000       0.127734338834815 
     0.223000000000000       0.138488482425686 
     0.224000000000000       0.135977788871983 
     0.225000000000000       0.146767073207565 
     0.226000000000000       0.157532916790432 
     0.227000000000000       0.154877192396532 
     0.228000000000000       0.165652791087549 
     0.229000000000000       0.162939553407037 
     0.230000000000000       0.173655203948760 
     0.231000000000000       0.170824918824477 
     0.232000000000000       0.181557726295289 
     0.233000000000000       0.192262427327160 
     0.234000000000000       0.189317338135268 
     0.235000000000000       0.199968790563645 
     0.236000000000000       0.196962801230500 
     0.237000000000000       0.207568563200967 
     0.238000000000000       0.204451176325934 
     0.239000000000000       0.215013409805312 
     0.240000000000000       0.211848170769379 
     0.241000000000000       0.222334690405882 
     0.242000000000000       0.219045757623324 
     0.243000000000000       0.229499313416117 
     0.244000000000000       0.239924656128599 
     0.245000000000000       0.236536896387175 
     0.246000000000000       0.233083147203880 
     0.247000000000000       0.243415851911118 
     0.248000000000000       0.253716253612133 
     0.249000000000000       0.250161959706306 
     0.250000000000000       0.260385124944271 
     0.251000000000000       0.256776900929527 
     0.252000000000000       0.266952081762984 
     0.253000000000000       0.263240325104729 
     0.254000000000000       0.273359951351312 
     0.255000000000000       0.269620394024866 
     0.256000000000000       0.279673178491082 
     0.257000000000000       0.275814022384344 
     0.258000000000000       0.285833041902828 
     0.259000000000000       0.295828207981161 
     0.260000000000000       0.291899256677464 
     0.261000000000000       0.301808781799314 
     0.262000000000000       0.297828693943579 
     0.263000000000000       0.307716682216766 
     0.264000000000000       0.303652218419272 
     0.265000000000000       0.313474031380949 
     0.266000000000000       0.309386685229891 
     0.267000000000000       0.319164583641665 
     0.268000000000000       0.314968783693484 
     0.269000000000000       0.324706826345610 
     0.270000000000000       0.334425307612870 
     0.271000000000000       0.330183437575075 
     0.272000000000000       0.339808698407969 
     0.273000000000000       0.335518201987689 
     0.274000000000000       0.345139358370572 
     0.275000000000000       0.340774694323613 
     0.276000000000000       0.350321106232352 
     0.277000000000000       0.345930562153946 
     0.278000000000000       0.355454864446351 
     0.279000000000000       0.350969134156349 
     0.280000000000000       0.360439591096521 
     0.281000000000000       0.369900236214907 
     0.282000000000000       0.365380314848734 
     0.283000000000000       0.374745170155794 
     0.284000000000000       0.370174106981418 
     0.285000000000000       0.379547808210772 
     0.286000000000000       0.374909208700867 
     0.287000000000000       0.384204730292735 
     0.288000000000000       0.379538457010861 
     0.289000000000000       0.388822971634113 
     0.290000000000000       0.384069330025950 
     0.291000000000000       0.393302572619245 
     0.292000000000000       0.402527001149819 
     0.293000000000000       0.397746376050581 
     0.294000000000000       0.406882125541159 
     0.295000000000000       0.402053310125186 
     0.296000000000000       0.411204845985235 
     0.297000000000000       0.406313958379041 
     0.298000000000000       0.415396764619411 
     0.299000000000000       0.424478611964886 
     0.300000000000000       0.419563951189591 
     0.301000000000000       0.414570822362293 
     0.302000000000000       0.423595247385078 
     0.303000000000000       0.432620060057269 
     0.304000000000000       0.427603442186587 
     0.305000000000000       0.436552379331687 
     0.306000000000000       0.431502433548125 
     0.307000000000000       0.440461330043606 
     0.308000000000000       0.435339205361963 
     0.309000000000000       0.444244666215466 
     0.310000000000000       0.453153229647148 
     0.311000000000000       0.448019562248536 
     0.312000000000000       0.456843435716381 
     0.313000000000000       0.451668051930598 
     0.314000000000000       0.460521265098318 
     0.315000000000000       0.455293759249308 
     0.316000000000000       0.464086746534472 
     0.317000000000000       0.472883669834847 
     0.318000000000000       0.467647530632789 
     0.319000000000000       0.476362293480070 
     0.320000000000000       0.471082385082600 
     0.321000000000000       0.479836482171743 
     0.322000000000000       0.474510013761954 
     0.323000000000000       0.483198780251911 
     0.324000000000000       0.491892952122756 
     0.325000000000000       0.486562440340389 
     0.326000000000000       0.481153135366403 
     0.327000000000000       0.489806484230442 
     0.328000000000000       0.498472140651140 
     0.329000000000000       0.493055073382648 
     0.330000000000000       0.501647628636814 
     0.331000000000000       0.496213376526129 
     0.332000000000000       0.504829326411167 
     0.333000000000000       0.499326738065186 
     0.334000000000000       0.507899089735915 
     0.335000000000000       0.516483625077344 
     0.336000000000000       0.510986070456768 
     0.337000000000000       0.519495149134249 
     0.338000000000000       0.513970372741815 
     0.339000000000000       0.522513716096775 
     0.340000000000000       0.516934593141848 
     0.341000000000000       0.525430225187630 
     0.342000000000000       0.533936215510398 
     0.343000000000000       0.528365503208576 
     0.344000000000000       0.536800219735666 
     0.345000000000000       0.531194929765318 
     0.346000000000000       0.539676021033754 
     0.347000000000000       0.534026863308933 
     0.348000000000000       0.542453328287769 
     0.349000000000000       0.550892771101116 
     0.350000000000000       0.545253280199381 
     0.351000000000000       0.553622610559609 
     0.352000000000000       0.547949421490248 
     0.353000000000000       0.556370503247178 
     0.354000000000000       0.550660973230359 
     0.355000000000000       0.559028625636600 
     0.356000000000000       0.567409619659305 
     0.357000000000000       0.561713378592893 
     0.358000000000000       0.570029297961129 
     0.359000000000000       0.564299990026017 
     0.360000000000000       0.572672151670805 
     0.361000000000000       0.566909834437059 
     0.362000000000000       0.575228648236111 
     0.363000000000000       0.583562828788521 
     0.364000000000000       0.577816054864295 
     0.365000000000000       0.586087776124117 
     0.366000000000000       0.580311621142080 
     0.367000000000000       0.588644402495090 
     0.368000000000000       0.582838486859613 
     0.369000000000000       0.591119777343353 
     0.370000000000000       0.599416266479345 
     0.371000000000000       0.593631130396295 
     0.372000000000000       0.601869811931342 
     0.373000000000000       0.596055996821105 
     0.374000000000000       0.604357824244849 
     0.375000000000000       0.598515533436286 
     0.376000000000000       0.606765838277278 
     0.377000000000000       0.615032936070934 
     0.378000000000000       0.609210499560515 
     0.379000000000000       0.617419231696813 
     0.380000000000000       0.611569378203392 
     0.381000000000000       0.619843101080306 
     0.382000000000000       0.613965754928030 
     0.383000000000000       0.622188619139223 
     0.384000000000000       0.630427299826449 
     0.385000000000000       0.624573230700133 
     0.386000000000000       0.632757690123528 
     0.387000000000000       0.626875814079439 
     0.388000000000000       0.635125043070628 
     0.389000000000000       0.629216919884188 
     0.390000000000000       0.637416409363851 
     0.391000000000000       0.645632577905088 
     0.392000000000000       0.639748846659170 
     0.393000000000000       0.647912476009939 
     0.394000000000000       0.642002639379795 
     0.395000000000000       0.650233401386325 
     0.396000000000000       0.644297702085762 
     0.397000000000000       0.652477736823812 
     0.398000000000000       0.660674093227556 
     0.399000000000000       0.654765459709306 
     0.400000000000000       0.662910184527789 
     0.401000000000000       0.656975914149559 
     0.402000000000000       0.665186548540468 
     0.403000000000000       0.659227597045657 
     0.404000000000000       0.667387863248230 
     0.405000000000000       0.675566562893550 
     0.406000000000000       0.669631811629987 
     0.407000000000000       0.677755681878793 
     0.408000000000000       0.671796695972567 
     0.409000000000000       0.679987410251531 
     0.410000000000000       0.674003088829700 
     0.411000000000000       0.682142103760814 
     0.412000000000000       0.690298879982944 
     0.413000000000000       0.684339675476597 
     0.414000000000000       0.692442603649638 
     0.415000000000000       0.686458587200935 
     0.416000000000000       0.694627375833846 
     0.417000000000000       0.688620600797908 
     0.418000000000000       0.696739559842662 
     0.419000000000000       0.704874491036083 
     0.420000000000000       0.698894666540181 
     0.421000000000000       0.706978849020132 
     0.422000000000000       0.700973652385262 
     0.423000000000000       0.709124646119601 
     0.424000000000000       0.703096881014758 
     0.425000000000000       0.711197980209420 
     0.426000000000000       0.719314922476794 
     0.427000000000000       0.713315722915716 
     0.428000000000000       0.721383292576842 
     0.429000000000000       0.715359819460446 
     0.430000000000000       0.723495848740686 
     0.431000000000000       0.717452417506809 
     0.432000000000000       0.725539402730060 
     0.433000000000000       0.733642215586720 
     0.434000000000000       0.727630172954505 
     0.435000000000000       0.735686016345120 
     0.436000000000000       0.729651993147325 
     0.437000000000000       0.737781048548015 
     0.438000000000000       0.731727152484272 
     0.439000000000000       0.739807161532482 
     0.440000000000000       0.747898138842523 
     0.441000000000000       0.741878552178783 
     0.442000000000000       0.749925962733720 
     0.443000000000000       0.743885529198302 
     0.444000000000000       0.752006953160446 
     0.445000000000000       0.745949690194461 
     0.446000000000000       0.754021977246296 
     0.447000000000000       0.762105675050805 
     0.448000000000000       0.756080732851593 
     0.449000000000000       0.764117406897498 
     0.450000000000000       0.758067392824209 
     0.451000000000000       0.766178611336073 
     0.452000000000000       0.760112130443439 
     0.453000000000000       0.768172944365880 
     0.454000000000000       0.776246804640191 
     0.455000000000000       0.770217485428365 
     0.456000000000000       0.778258296465307 
     0.457000000000000       0.772203888030067 
     0.458000000000000       0.780313104126634 
     0.459000000000000       0.774250422548668 
     0.460000000000000       0.782312523193493 
     0.461000000000000       0.790386795416754 
     0.462000000000000       0.784364531954239 
     0.463000000000000       0.778273134457837 
     0.464000000000000       0.786363731213569 
     0.465000000000000       0.794471833938488 
     0.466000000000000       0.788420345293211 
     0.467000000000000       0.796486931588845 
     0.468000000000000       0.790420693262959 
     0.469000000000000       0.798552637390138 
     0.470000000000000       0.792472054428234 
     0.471000000000000       0.800565470114165 
     0.472000000000000       0.808675746846202 
     0.473000000000000       0.802632745738105 
     0.474000000000000       0.810702706934009 
     0.475000000000000       0.804645265997340 
     0.476000000000000       0.812782904836684 
     0.477000000000000       0.806712641112419 
     0.478000000000000       0.814810362170665 
     0.479000000000000       0.822922671921415 
     0.480000000000000       0.816891450659252 
     0.481000000000000       0.824968436943529 
     0.482000000000000       0.818922986579341 
     0.483000000000000       0.827070257052664 
     0.484000000000000       0.821015156108491 
     0.485000000000000       0.829122172032736 
     0.486000000000000       0.837237995569030 
     0.487000000000000       0.831223891418269 
     0.488000000000000       0.839308773945277 
     0.489000000000000       0.833279787756421 
     0.490000000000000       0.841437590242794 
     0.491000000000000       0.835399972160214 
     0.492000000000000       0.843511593383472 
     0.493000000000000       0.851633280393088 
     0.494000000000000       0.845638097128628 
     0.495000000000000       0.839579909766130 
     0.496000000000000       0.847723464525398 
     0.497000000000000       0.855883571588752 
     0.498000000000000       0.849868549766406 
     0.499000000000000       0.857984992473916 
     0.500000000000000       0.851957337806645 
     0.501000000000000       0.860140050327946 
     0.502000000000000       0.854101186933459 
     0.503000000000000       0.862250559742513 
     0.504000000000000       0.870411056501371 
     0.505000000000000       0.864417601313015 
     0.506000000000000       0.872544100970750 
     0.507000000000000       0.866539535993152 
     0.508000000000000       0.874736636036769 
     0.509000000000000       0.868726328375899 
     0.510000000000000       0.876881937321166 
     0.511000000000000       0.885048654046372 
     0.512000000000000       0.879083720356348 
     0.513000000000000       0.887233136471391 
     0.514000000000000       0.881249788954218 
     0.515000000000000       0.889456635267976 
     0.516000000000000       0.883478055366158 
     0.517000000000000       0.891644733097728 
     0.518000000000000       0.885658910829815 
     0.519000000000000       0.893888834986811 
     0.520000000000000       0.887896307081569 
     0.521000000000000       0.896100847317115 
     0.522000000000000       0.904313834854822 
     0.523000000000000       0.898370791535747 
     0.524000000000000       0.906552263658089 
     0.525000000000000       0.900599381493770 
     0.526000000000000       0.908847557671923 
     0.527000000000000       0.902894064642481 
     0.528000000000000       0.911107426793958 
     0.529000000000000       0.905151997809217 
     0.530000000000000       0.913426623487428 
     0.531000000000000       0.907465738649552 
     0.532000000000000       0.915718549532599 
     0.533000000000000       0.923980940269306 
     0.534000000000000       0.918071427097125 
     0.535000000000000       0.926299209063473 
     0.536000000000000       0.920383829566298 
     0.537000000000000       0.928678165554029 
     0.538000000000000       0.922761692472751 
     0.539000000000000       0.931025946919366 
     0.540000000000000       0.939298954554499 
     0.541000000000000       0.933434516289537 
     0.542000000000000       0.927515200159238 
     0.543000000000000       0.935813621839365 
     0.544000000000000       0.944119515549684 
     0.545000000000000       0.938249140654243 
     0.546000000000000       0.946521539965246 
     0.547000000000000       0.940646182218543 
     0.548000000000000       0.948984034717235 
     0.549000000000000       0.943107803122718 
     0.550000000000000       0.951413300737105 
     0.551000000000000       0.945538091497141 
     0.552000000000000       0.953899325725107 
     0.553000000000000       0.948017988417362 
     0.554000000000000       0.956355764674854 
     0.555000000000000       0.964696475579277 
     0.556000000000000       0.958859832243625 
     0.557000000000000       0.967172450501245 
     0.558000000000000       0.961324807142848 
     0.559000000000000       0.969693298476326 
     0.560000000000000       0.963846461484156 
     0.561000000000000       0.972181005605133 
     0.562000000000000       0.966332869986097 
     0.563000000000000       0.974722365485459 
     0.564000000000000       0.968867013241052 
     0.565000000000000       0.977229100386939 
     0.566000000000000       0.985592517385680 
     0.567000000000000       0.979782117414871 
     0.568000000000000       0.988126528728042 
     0.569000000000000       0.982300643834417 
     0.570000000000000       0.990694449403364 
     0.571000000000000       0.984873719389949 
     0.572000000000000       0.993235464618998 
     0.573000000000000       0.987413684257959 
     0.574000000000000       0.995834338302963 
     0.575000000000000       0.990007946746196 
     0.576000000000000       0.998399413997646 
     0.577000000000000       1.006793951689765 
     0.578000000000000       1.001016052074704 
     0.579000000000000       1.009400876581807 
     0.580000000000000       1.003606304704263 
     0.581000000000000       1.012031072949039 
     0.582000000000000       1.006249612299172 
     0.583000000000000       1.014644615806557 
     0.584000000000000       1.008862613344199 
     0.585000000000000       1.017317321701547 
     0.586000000000000       1.011535833904819 
     0.587000000000000       1.019958516530775 
     0.588000000000000       1.014180240500011 
     0.589000000000000       1.022649560798538 
     0.590000000000000       1.016863387216720 
     0.591000000000000       1.025302848186310 
     0.592000000000000       1.033743486477736 
     0.593000000000000       1.028000064094421 
     0.594000000000000       1.036424034669565 
     0.595000000000000       1.030658301405868 
     0.596000000000000       1.039116868448794 
     0.597000000000000       1.033363018303259 
     0.598000000000000       1.041788877534763 
     0.599000000000000       1.036034712545096 
     0.600000000000000       1.044515365910069 
     0.601000000000000       1.038760703950590 
     0.602000000000000       1.047204888582687 
     0.603000000000000       1.041447572013375 
     0.604000000000000       1.049933118327498 
     0.605000000000000       1.044168139358046 
     0.606000000000000       1.052626128815596 
     0.607000000000000       1.061084477202076 
     0.608000000000000       1.055362907337180 
     0.609000000000000       1.049596167066458 
     0.610000000000000       1.058076555115434 
     0.611000000000000       1.066554390690168 
     0.612000000000000       1.060834183041845 
     0.613000000000000       1.069299666248611 
     0.614000000000000       1.063571132251845 
     0.615000000000000       1.072076065047646 
     0.616000000000000       1.066358334295291 
     0.617000000000000       1.074833215949855 
     0.618000000000000       1.069115439784614 
     0.619000000000000       1.077637750523330 
     0.620000000000000       1.071917939915362 
     0.621000000000000       1.080406968381443 
     0.622000000000000       1.074688930005276 
     0.623000000000000       1.083220378160668 
     0.624000000000000       1.077497568176867 
     0.625000000000000       1.086006825837575 
     0.626000000000000       1.094522029546894 
     0.627000000000000       1.088835840378533 
     0.628000000000000       1.083113517726769 
     0.629000000000000       1.091646865670548 
     0.630000000000000       1.100175709452635 
     0.631000000000000       1.094499874150173 
     0.632000000000000       1.103027462694978 
     0.633000000000000       1.097337931873614 
     0.634000000000000       1.105890697745370 
     0.635000000000000       1.100218358537163 
     0.636000000000000       1.108755230222219 
     0.637000000000000       1.103078748612671 
     0.638000000000000       1.111653431719940 
     0.639000000000000       1.105985235233035 
     0.640000000000000       1.114531433181153 
     0.641000000000000       1.108868011334152 
     0.642000000000000       1.117460842601851 
     0.643000000000000       1.111797586768727 
     0.644000000000000       1.120368461229443 
     0.645000000000000       1.114713258014323 
     0.646000000000000       1.123325033908102 
     0.647000000000000       1.117669043977880 
     0.647250000000000       1.130055464050148 
     0.647500000000000       1.128312737248585 
     0.647750000000000       1.126650741794876 
     0.648000000000000       1.125055898338069 
     0.649000000000000       1.134044545072932 
     0.649250000000000       1.132368464472226 
     0.649500000000000       1.130740227967614 
     0.649750000000000       1.129149138884220 
     0.650000000000000       1.127581202438506 
     0.651000000000000       1.136582567865101 
     0.651250000000000       1.134909377445720 
     0.651500000000000       1.133280802966787 
     0.651750000000000       1.145951189708651 
     0.652000000000000       1.144396990202228 
     0.653000000000000       1.139118355737299 
     0.653250000000000       1.137415911368056 
     0.653500000000000       1.150041849518828 
     0.653750000000000       1.148424459849053 
     0.654000000000000       1.146845079117803 
     0.655000000000000       1.155813464275724 
     0.655250000000000       1.154093542505230 
     0.655500000000000       1.152428292187839 
     0.655750000000000       1.150803811838454 
     0.656000000000000       1.149200993781012 
     0.657000000000000       1.158165373801843 
     0.657250000000000       1.156432413664252 
     0.657500000000000       1.154746817914727 
     0.657750000000000       1.167426581893420 
     0.658000000000000       1.165820952973810 
     0.659000000000000       1.160452221836998 
     0.660000000000000       1.169255932278602 
     0.660250000000000       1.167412496157233 
     0.660500000000000       1.179996522063902 
     0.660750000000000       1.178303414054451 
     0.661000000000000       1.176665659388622 
     0.661250000000000       1.175062194220153 
     0.661500000000000       1.173478610887653 
     0.661750000000000       1.171902628393628 
     0.662000000000000       1.184707083148517 
     0.662250000000000       1.183150335002217 
     0.662500000000000       1.181607707372326 
     0.662750000000000       1.180071946176433 
     0.663000000000000       1.178536119654861 
     0.663250000000000       1.191372446814896 
     0.663500000000000       1.189843101061200 
     0.663750000000000       1.188318353557385 
     0.664000000000000       1.186794525408985 
     0.664250000000000       1.185267492681163 
     0.664500000000000       1.183732563764710 
     0.664750000000000       1.196589982190336 
     0.665000000000000       1.195053831550162 
     0.665250000000000       1.193523846096578 
     0.665500000000000       1.191998359412768 
     0.665750000000000       1.190470315078741 
     0.666000000000000       1.203334438514176 
     0.667000000000000       1.198024056011622 
     0.667250000000000       1.196331929108617 
     0.667500000000000       1.194671549169616 
     0.667750000000000       1.207466212785274 
     0.668000000000000       1.205867137614156 
     0.669000000000000       1.214900965371285 
     0.670000000000000       1.209374290210668 
     0.671000000000000       1.203733423235683 
     0.672000000000000       1.212463885871987 
     0.673000000000000       1.221169478326765 
     0.674000000000000       1.215486250471162 
     0.675000000000000       1.224192048758486 
     0.676000000000000       1.218537824934337 
     0.677000000000000       1.227317130448839 
     0.678000000000000       1.221730339475279 
     0.679000000000000       1.216109417956361 
     0.680000000000000       1.224931257251864 
     0.681000000000000       1.233750742214923 
     0.682000000000000       1.228249908859446 
     0.683000000000000       1.222719858469308 
     0.684000000000000       1.231531558300045 
     0.685000000000000       1.226034339338600 
     0.686000000000000       1.234884085875567 
     0.687000000000000       1.229418113670903 
     0.688000000000001       1.223909375260209 
     0.689000000000001       1.232759229734580 
     0.690000000000001       1.227317322417512 
     0.691000000000001       1.236172299686661 
     0.692000000000001       1.230723437010063 
     0.693000000000001       1.239538740175782 
     0.694000000000001       1.234113231005058 
     0.695000000000001       1.242949070949081 
     0.696000000000001       1.237539820820309 
     0.697000000000001       1.232087691513396 
     0.698000000000001       1.240911312354974 
     0.699000000000001       1.235492354031887 
     0.700000000000001       1.244311952608236 
     0.701000000000001       1.238882551081577 
     0.702000000000001       1.247665014841864 
     0.703000000000001       1.242242233656270 
     0.704000000000001       1.251034048627535 
     0.705000000000001       1.245605069851639 
     0.706000000000001       1.254373723821320 
     0.707000000000001       1.248930680081571 
     0.708000000000001       1.257697512374158 
     0.709000000000001       1.252259101587679 
     0.710000000000001       1.246787842525372 
     0.711000000000001       1.255572209753808 
     0.712000000000001       1.264343116417304 
     0.713000000000001       1.258895657986390 
     0.714000000000001       1.253423956935169 
     0.715000000000001       1.262226308554400 
     0.716000000000001       1.271020517713097 
     0.717000000000001       1.265582623551616 
     0.718000000000001       1.260123148866423 
     0.719000000000001       1.268957766391232 
     0.720000000000001       1.277784239625294 
     0.721000000000001       1.272369333336435 
     0.722000000000001       1.266933987001483 
     0.723000000000001       1.275808797210725 
     0.724000000000001       1.284672241215937 
     0.725000000000001       1.279288327793559 
     0.726000000000001       1.273883460556956 
     0.727000000000001       1.282792210006527 
     0.728000000000001       1.291689650173868 
     0.729000000000001       1.286336977843106 
     0.730000000000001       1.280963656862362 
     0.731000000000001       1.289897286073479 
     0.732000000000001       1.284554291888487 
     0.733000000000001       1.293500918270880 
     0.734000000000001       1.288158704422745 
     0.735000000000001       1.297108551756857 
     0.736000000000001       1.291791319669880 
     0.737000000000001       1.300759407351865 
     0.738000000000001       1.295446251998388 
     0.739000000000001       1.304413159187813 
     0.740000000000001       1.299115113456132 
     0.741000000000001       1.308096036552641 
     0.742000000000001       1.302808634636687 
     0.743000000000001       1.311794318874821 
     0.744000000000001       1.306510001125261 
     0.745000000000001       1.315495923121286 
     0.746000000000001       1.310231797964342 
     0.747000000000001       1.304943314396741 
     0.748000000000001       1.313964034668100 
     0.749000000000001       1.322969484794768 
     0.750000000000001       1.317720813425225 
     0.751000000000001       1.312453750261657 
     0.752000000000001       1.321483106640180 
     0.753000000000001       1.316240592164032 
     0.754000000000001       1.325279136144950 
     0.755000000000001       1.320035771382173 
     0.756000000000001       1.329081959633395 
     0.757000000000001       1.323856989803630 
     0.758000000000001       1.332914331812969 
     0.759000000000001       1.327697771371216 
     0.760000000000001       1.336767808603508 
     0.761000000000001       1.331559370221672 
     0.762000000000001       1.340630867675845 
     0.763000000000001       1.335441868101860 
     0.764000000000001       1.330232275333721 
     0.765000000000001       1.339343528902596 
     0.766000000000001       1.348438590007653 
     0.767000000000001       1.343270290231963 
     0.768000000000001       1.338085949382148 
     0.769000000000001       1.347207826224874 
     0.770000000000001       1.342049857093205 
     0.771000000000001       1.351177895902431 
     0.772000000000001       1.346020595432172 
     0.773000000000001       1.355164066025775 
     0.774000000000001       1.350023482735274 
     0.775000000000001       1.359173038383020 
     0.776000000000001       1.354043753524529 
     0.777000000000001       1.363212614297133 
     0.778000000000001       1.358087030686725 
     0.779000000000001       1.367252977733713 
     0.780000000000001       1.362148941714619 
     0.781000000000001       1.357026023158316 
     0.782000000000001       1.366224998340343 
     0.783000000000001       1.361129944384338 
     0.784000000000001       1.370322540947143 
     0.785000000000001       1.365223021172685 
     0.786000000000001       1.374432062813927 
     0.787000000000001       1.369348648910965 
     0.788000000000001       1.378556786291696 
     0.789000000000001       1.373480414881687 
     0.790000000000001       1.382711690846421 
     0.791000000000001       1.377642468799909 
     0.792000000000001       1.386869584257717 
     0.793000000000001       1.381819506526632 
     0.794000000000001       1.376755007979973 
     0.795000000000001       1.386020182006110 
     0.796000000000001       1.395274478969412 
     0.797000000000001       1.390245250103977 
     0.798000000000001       1.385208709873396 
     0.799000000000001       1.394490305815626 
     0.800000000000001       1.389474201213332 
     0.801000000000001       1.398754646616670 
     0.802000000000001       1.393748467553255 
     0.803000000000001       1.403054675676053 
     0.804000000000001       1.398054399977230 
     0.805000000000001       1.407358185102524 
     0.806000000000001       1.402380332178623 
     0.807000000000001       1.397390635562960 
     0.808000000000001       1.406727755064647 
     0.809000000000001       1.401768557260180 
     0.810000000000001       1.411104084580067 
     0.811000000000001       1.406149197078900 
     0.812000000000001       1.415507023306752 
     0.813000000000001       1.410562461571971 
     0.814000000000001       1.419915921850908 
     0.815000000000001       1.414991575380878 
     0.816000000000001       1.410054009442447 
     0.817000000000001       1.419444271572182 
     0.818000000000001       1.414537599665493 
     0.819000000000001       1.423922681929927 
     0.820000000000001       1.419018737797600 
     0.821000000000001       1.428429272838628 
     0.822000000000001       1.423536379238726 
     0.823000000000001       1.432939783087392 
     0.824000000000001       1.428065912535125 
     0.825000000000001       1.423180367583182 
     0.826000000000001       1.432617660191184 
     0.827000000000001       1.427757737390024 
     0.828000000000001       1.437187291931625 
     0.829000000000001       1.432333981156152 
     0.830000000000001       1.427468885618513 
     0.831000000000001       1.436946158876605 
     0.832000000000001       1.446400394945535 
     0.833000000000001       1.441573606820889 
     0.834000000000001       1.436740071341969 
     0.835000000000001       1.446225787423582 
     0.836000000000001       1.441409035254175 
     0.837000000000001       1.450883384017562 
     0.838000000000001       1.446081323307048 
     0.839000000000001       1.441267827814787 
     0.840000000000001       1.450786058151820 
     0.841000000000001       1.446006009071432 
     0.842000000000001       1.455512111808336 
     0.843000000000001       1.450734041448296 
     0.844000000000001       1.445945480655322 
     0.845000000000001       1.455499581151447 
     0.846000000000001       1.465030228381522 
     0.847000000000001       1.460278551765381 
     0.848000000000001       1.455522649172714 
     0.849000000000001       1.465091990504362 
     0.850000000000001       1.460355596896697 
     0.851000000000001       1.469912634529685 
     0.852000000000001       1.465193701707680 
     0.853000000000001       1.460465558070243 
     0.854000000000001       1.470065289311023 
     0.855000000000001       1.465365612285932 
     0.856000000000001       1.474949785785707 
     0.857000000000001       1.470260658393375 
     0.858000000000001       1.465560601170633 
     0.859000000000001       1.475193113008697 
     0.860000000000001       1.470528032535608 
     0.861000000000001       1.480143924988226 
     0.862000000000001       1.475483235055993 
     0.863000000000001       1.470812864959779 
     0.864000000000001       1.480484218775921 
     0.865000000000001       1.475853245103512 
     0.866000000000001       1.485501070807956 
     0.867000000000001       1.480871598909506 
     0.868000000000001       1.476233195708684 
     0.869000000000001       1.485938803507175 
     0.870000000000001       1.481341566117532 
     0.871000000000001       1.491019295256699 
     0.872000000000001       1.486420984949572 
     0.873000000000001       1.481814369501027 
     0.874000000000001       1.491552731199530 
     0.875000000000001       1.486987800483035 
     0.876000000000001       1.496692631329314 
     0.877000000000001       1.492123801892387 
     0.878000000000001       1.487546067664397 
     0.879000000000001       1.497305856793126 
     0.880000000000001       1.492765558141304 
     0.881000000000001       1.502490466841287 
     0.882000000000001       1.497945280103348 
     0.883000000000001       1.493391262023458 
     0.884000000000001       1.503169805052149 
     0.885000000000001       1.498651314962903 
     0.886000000000001       1.508396944586664 
     0.887000000000001       1.503875792345628 
     0.888000000000001       1.499345539426614 
     0.889000000000001       1.509147132497322 
     0.890000000000001       1.504652606694179 
     0.891000000000001       1.514423384014975 
     0.892000000000001       1.509927962631256 
     0.893000000000001       1.505424771596495 
     0.894000000000001       1.515251295437167 
     0.895000000000001       1.510783244670133 
     0.896000000000001       1.520580968294432 
     0.897000000000001       1.516115108152228 
     0.898000000000001       1.511641449586691 
     0.899000000000001       1.521497322129377 
     0.900000000000001       1.517056432042537 
     0.901000000000001       1.526883586605450 
     0.902000000000001       1.522450094585007 
     0.903000000000001       1.518008455691398 
     0.904000000000001       1.527894112845892 
     0.905000000000001       1.523480740186457 
     0.906000000000001       1.533341888618850 
     0.907000000000001       1.528940476239164 
     0.908000000000001       1.524532120422588 
     0.909000000000001       1.534446814817958 
     0.910000000000001       1.530061887891975 
     0.911000000000001       1.539958498442271 
     0.912000000000001       1.535585765481628 
     0.913000000000001       1.531213971244931 
     0.914000000000001       1.526837489128209 
     0.915000000000001       1.536798299469712 
     0.916000000000001       1.532463586776572 
     0.917000000000001       1.542383372740467 
     0.918000000000001       1.538049569530372 
     0.919000000000001       1.533708168345417 
     0.920000000000001       1.543689032890256 
     0.921000000000001       1.539380475560190 
     0.922000000000001       1.549331910680820 
     0.923000000000001       1.545030397615626 
     0.924000000000001       1.540724334593108 
     0.925000000000001       1.536415434018465 
     0.926000000000001       1.546438879057529 
     0.927000000000001       1.542172104600617 
     0.928000000000001       1.552147162505811 
     0.929000000000001       1.547877602902918 
     0.930000000000001       1.543600191355846 
     0.931000000000001       1.553641694989864 
     0.932000000000001       1.549397104183310 
     0.933000000000001       1.559407274834459 
     0.934000000000001       1.555167286331113 
     0.935000000000001       1.550924911742744 
     0.936000000000001       1.546679430705801 
     0.937000000000001       1.556759595513586 
     0.938000000000001       1.552553979244763 
     0.939000000000001       1.562585379744466 
     0.940000000000001       1.558379533782517 
     0.941000000000001       1.554165319435089 
     0.942000000000001       1.564260783384402 
     0.943000000000001       1.560072267126102 
     0.944000000000001       1.555905859568217 
     0.945000000000001       1.565959058746607 
     0.946000000000001       1.561780863799008 
     0.947000000000001       1.557596924710893 
     0.948000000000001       1.567726988211120 
     0.949000000000001       1.563578713320819 
     0.950000000000001       1.573673078431923 
     0.951000000000001       1.569525062150269 
     0.952000000000001       1.565377187680269 
     0.953000000000001       1.561226371317264 
     0.954000000000001       1.571394809140624 
     0.955000000000001       1.567284412057205 
     0.956000000000001       1.577403345966214 
     0.957000000000001       1.573292208339545 
     0.958000000000001       1.569177090980940 
     0.959000000000001       1.565063206782877 
     0.960000000000001       1.575269403594049 
     0.961000000000001       1.571197852078150 
     0.962000000000001       1.581346925301713 
     0.963000000000001       1.577271143380131 
     0.964000000000001       1.573191203230270 
     0.965000000000001       1.583414422290975 
     0.966000000000001       1.579358351759936 
     0.967000000000001       1.575326567136422 
     0.968000000000001       1.585507201481843 
     0.969000000000001       1.581467986457433 
     0.970000000000001       1.577425983194310 
     0.971000000000001       1.587683916843936 
     0.972000000000001       1.583667376962833 
     0.973000000000001       1.579675442623152 
     0.974000000000001       1.589890270718850 
     0.975000000000001       1.585889408275957 
     0.976000000000001       1.581887743690761 
     0.977000000000001       1.577888611748936 
     0.978000000000001       1.588200444279071 
     0.979000000000001       1.584247051754570 
     0.980000000000001       1.594497695483845 
     0.981000000000001       1.590534353653165 
     0.982000000000001       1.586575201129776 
     0.983000000000001       1.582614090665874 
     0.984000000000001       1.592952986250680 
     0.985000000000001       1.589033937949431 
     0.986000000000001       1.599323217054991 
     0.987000000000001       1.595397667841063 
     0.988000000000001       1.591478382415030 
     0.989000000000001       1.587558412969297 
     0.990000000000001       1.597921434993388 
     0.991000000000001       1.594036002034418 
     0.992000000000001       1.590175496547396 
     0.993000000000001       1.600482020576063 
     0.994000000000001       1.596601973016575 
     0.995000000000001       1.592727533872413 
     0.996000000000001       1.588854150076283 
     0.997000000000001       1.599263312879188 
     0.998000000000001       1.595432384466836 
     0.999000000000001       1.605787908416200 
     1.000000000000000       1.601948463684131 
