     0.000000000000000       0.000000000000000 
     0.001000000000000       0.000000000000000 
     0.002000000000000       0.000000000000000 
     0.003000000000000       0.000000000000000 
     0.004000000000000       0.000000000000000 
     0.005000000000000       0.000000000000000 
     0.006000000000000       0.000000000000000 
     0.007000000000000       0.000000000000000 
     0.008000000000000       0.000000000000000 
     0.009000000000000       0.000000000000000 
     0.010000000000000       0.000000000000000 
     0.011000000000000       0.000000000000000 
     0.012000000000000       0.000000000000000 
     0.013000000000000       0.000000000000000 
     0.014000000000000       0.000000000000000 
     0.015000000000000       0.000000000000000 
     0.016000000000000       0.000000000000000 
     0.017000000000000       0.000000000000000 
     0.018000000000000       0.000000000000000 
     0.019000000000000       0.000000000000000 
     0.020000000000000       0.000000000000000 
     0.021000000000000       0.000000000000000 
     0.022000000000000       0.000000000000000 
     0.023000000000000       0.000000000000000 
     0.024000000000000       0.000000000000000 
     0.025000000000000       0.000000000000000 
     0.026000000000000       0.000000000000000 
     0.027000000000000       0.000000000000000 
     0.028000000000000       0.000000000000000 
     0.029000000000000       0.000000000000000 
     0.030000000000000       0.000000000000000 
     0.031000000000000       0.000000000000000 
     0.032000000000000       0.000000000000000 
     0.033000000000000       0.000000000000000 
     0.034000000000000       0.000000000000000 
     0.035000000000000       0.000000000000000 
     0.036000000000000       0.000000000000000 
     0.037000000000000       0.000000000000000 
     0.038000000000000       0.000000000000000 
     0.039000000000000       0.000000000000000 
     0.040000000000000       0.000000000000000 
     0.041000000000000       0.000000000000000 
     0.042000000000000       0.000000000000000 
     0.043000000000000       0.000000000000000 
     0.044000000000000       0.000000000000000 
     0.045000000000000       0.000000000000000 
     0.046000000000000       0.000000000000000 
     0.047000000000000       0.000000000000000 
     0.048000000000000       0.000000000000000 
     0.049000000000000       0.000000000000000 
     0.050000000000000       0.000000000000000 
     0.051000000000000       0.000000000000000 
     0.052000000000000       0.000000000000000 
     0.053000000000000       0.000000000000000 
     0.054000000000000       0.000000000000000 
     0.055000000000000       0.000000000000000 
     0.056000000000000       0.000000000000000 
     0.057000000000000       0.000000000000000 
     0.058000000000000       0.000000000000000 
     0.059000000000000       0.000000000000000 
     0.060000000000000       0.000000000000000 
     0.061000000000000       0.000000000000000 
     0.062000000000000       0.000000000000000 
     0.063000000000000       0.000000000000000 
     0.064000000000000       0.000000000000000 
     0.065000000000000       0.000000000000000 
     0.066000000000000       0.000000000000000 
     0.067000000000000       0.000000000000000 
     0.068000000000000       0.000000000000000 
     0.069000000000000       0.000000000000000 
     0.070000000000000       0.000000000000000 
     0.071000000000000       0.000000000000000 
     0.072000000000000       0.000000000000000 
     0.073000000000000       0.000000000000000 
     0.074000000000000       0.000000000000000 
     0.075000000000000       0.000000000000000 
     0.076000000000000       0.000000000000000 
     0.077000000000000       0.000000000000000 
     0.078000000000000       0.000000000000000 
     0.079000000000000       0.000000000000000 
     0.080000000000000       0.000000000000000 
     0.081000000000000       0.000000000000000 
     0.082000000000000       0.000000000000000 
     0.083000000000000       0.000000000000000 
     0.084000000000000       0.000000000000000 
     0.085000000000000       0.000000000000000 
     0.086000000000000       0.000000000000000 
     0.087000000000000       0.000000000000000 
     0.088000000000000       0.000000000000000 
     0.089000000000000       0.000000000000000 
     0.090000000000000       0.000000000000000 
     0.091000000000000       0.000000000000000 
     0.092000000000000       0.000000000000000 
     0.093000000000000       0.000000000000000 
     0.094000000000000       0.000000000000000 
     0.095000000000000       0.000000000000000 
     0.096000000000000       0.000000000000000 
     0.097000000000000       0.000000000000000 
     0.098000000000000       0.000000000000000 
     0.099000000000000       0.000000000000000 
     0.100000000000000       0.000000000000000 
     0.101000000000000       0.000000000000000 
     0.102000000000000       0.000000000000000 
     0.103000000000000       0.000000000000000 
     0.104000000000000       0.000000000000000 
     0.105000000000000       0.000000000000000 
     0.106000000000000       0.000000000000000 
     0.107000000000000       0.000000000000000 
     0.108000000000000       0.000000000000000 
     0.109000000000000       0.000000000000000 
     0.110000000000000       0.000000000000000 
     0.111000000000000       0.000000000000000 
     0.112000000000000       0.000000000000000 
     0.113000000000000       0.000000000000000 
     0.114000000000000       0.000000000000000 
     0.115000000000000       0.000000000000000 
     0.116000000000000       0.000000000000000 
     0.117000000000000       0.000000000000000 
     0.118000000000000       0.000000000000000 
     0.119000000000000       0.000000000000000 
     0.120000000000000       0.000000000000000 
     0.121000000000000       0.000000000000000 
     0.122000000000000       0.000000000000000 
     0.123000000000000       0.000000000000000 
     0.124000000000000       0.000000000000000 
     0.125000000000000       0.000000000000000 
     0.126000000000000       0.000000000000000 
     0.127000000000000       0.000000000000000 
     0.128000000000000       0.000000000000000 
     0.129000000000000       0.000000000000000 
     0.130000000000000       0.000000000000000 
     0.131000000000000       0.000000000000000 
     0.132000000000000       0.000000000000000 
     0.133000000000000       0.000000000000000 
     0.134000000000000       0.000000000000000 
     0.135000000000000       0.000000000000000 
     0.136000000000000       0.000000000000000 
     0.137000000000000       0.000000000000000 
     0.138000000000000       0.000000000000000 
     0.139000000000000       0.000000000000000 
     0.140000000000000       0.000000000000000 
     0.141000000000000       0.000000000000000 
     0.142000000000000       0.000000000000000 
     0.143000000000000       0.000000000000000 
     0.144000000000000       0.000000000000000 
     0.145000000000000       0.000000000000000 
     0.146000000000000       0.000000000000000 
     0.147000000000000       0.000000000000000 
     0.148000000000000       0.000000000000000 
     0.149000000000000       0.000000000000000 
     0.150000000000000       0.000000000000000 
     0.151000000000000       0.000000000000000 
     0.152000000000000       0.000000000000000 
     0.153000000000000       0.000000000000000 
     0.154000000000000       0.000000000000000 
     0.155000000000000       0.000000000000000 
     0.156000000000000       0.000000000000000 
     0.157000000000000       0.000000000000000 
     0.158000000000000       0.000000000000000 
     0.159000000000000       0.000000000000000 
     0.160000000000000       0.000000000000000 
     0.161000000000000       0.000000000000000 
     0.162000000000000       0.000000000000000 
     0.163000000000000       0.000000000000000 
     0.164000000000000       0.000000000000000 
     0.165000000000000       0.000000000000000 
     0.166000000000000       0.000000000000000 
     0.167000000000000       0.000000000000000 
     0.168000000000000       0.000000000000000 
     0.169000000000000       0.000000000000000 
     0.170000000000000       0.000000000000000 
     0.171000000000000       0.000000000000000 
     0.172000000000000       0.000000000000000 
     0.173000000000000       0.000000000000000 
     0.174000000000000       0.000000000000000 
     0.175000000000000       0.000000000000000 
     0.176000000000000       0.000000000000000 
     0.177000000000000       0.000000000000000 
     0.178000000000000       0.000000000000000 
     0.179000000000000       0.000000000000000 
     0.180000000000000       0.000000000000000 
     0.181000000000000       0.000000000000000 
     0.182000000000000       0.000000000000000 
     0.183000000000000       0.000000000000000 
     0.184000000000000       0.000000000000000 
     0.185000000000000       0.000000000000000 
     0.186000000000000       0.000000000000000 
     0.187000000000000       0.000000000000000 
     0.188000000000000       0.000000000000000 
     0.189000000000000       0.000000000000000 
     0.190000000000000       0.000000000000000 
     0.191000000000000       0.000000000000000 
     0.192000000000000       0.000000000000000 
     0.193000000000000       0.000000000000000 
     0.194000000000000       0.000000000000000 
     0.195000000000000       0.000000000000000 
     0.196000000000000       0.000000000000000 
     0.197000000000000       0.000000000000000 
     0.198000000000000       0.000000000000000 
     0.199000000000000       0.000000000000000 
     0.200000000000000       0.000000000000000 
     0.201000000000000       0.000000000000000 
     0.202000000000000       0.000000000000000 
     0.203000000000000       0.000000000000000 
     0.204000000000000       0.000000000000000 
     0.205000000000000       0.000000000000000 
     0.206000000000000       0.000000000000000 
     0.207000000000000       0.000000000000000 
     0.208000000000000       0.000000000000000 
     0.209000000000000       0.000000000000000 
     0.210000000000000       0.000000000000000 
     0.211000000000000       0.000000000000000 
     0.212000000000000       0.000000000000000 
     0.213000000000000       0.000000000000000 
     0.214000000000000       0.000000000000000 
     0.215000000000000       0.000000000000000 
     0.216000000000000       0.000000000000000 
     0.217000000000000       0.000000000000000 
     0.217250000000000       0.095485450333952 
     0.217500000000000       0.119221234379438 
     0.217750000000000       0.144339582609936 
     0.218000000000000       0.157343702385626 
     0.219000000000000       0.170299218723097 
     0.220000000000000       0.183126752740980 
     0.221000000000000       0.195726134485339 
     0.222000000000000       0.194666305510282 
     0.223000000000000       0.206849277656930 
     0.224000000000000       0.219285175489262 
     0.225000000000000       0.218314243505711 
     0.226000000000000       0.230984067356102 
     0.227000000000000       0.230229884092326 
     0.227250000000000       0.244062549684681 
     0.227500000000000       0.244190476946505 
     0.227750000000000       0.244281252881702 
     0.228000000000000       0.244345014925425 
     0.229000000000000       0.258033480821533 
     0.230000000000000       0.258171367440358 
     0.231000000000000       0.271895500823803 
     0.232000000000000       0.271886818999830 
     0.233000000000000       0.285396171470387 
     0.234000000000000       0.298853020438072 
     0.235000000000000       0.298545046717386 
     0.236000000000000       0.311845997871668 
     0.237000000000000       0.311470291025609 
     0.238000000000000       0.324821351191133 
     0.239000000000000       0.324422089106369 
     0.240000000000000       0.337718765811752 
     0.241000000000000       0.337315566514189 
     0.242000000000000       0.350659735559358 
     0.243000000000000       0.350254215098809 
     0.244000000000000       0.363604275953831 
     0.245000000000000       0.376999141105445 
     0.246000000000000       0.376653617568204 
     0.247000000000000       0.376302162604500 
     0.248000000000000       0.389739985409284 
     0.249000000000000       0.403182035268735 
     0.250000000000000       0.402826157810333 
     0.251000000000000       0.416231965039879 
     0.252000000000000       0.415860513665676 
     0.253000000000000       0.429302260406782 
     0.254000000000000       0.428912282372378 
     0.255000000000000       0.442331518819968 
     0.256000000000000       0.455776128742267 
     0.257000000000000       0.455382073376022 
     0.258000000000000       0.468819849073990 
     0.259000000000000       0.468469098326956 
     0.260000000000000       0.481988076741569 
     0.261000000000000       0.481592365225021 
     0.262000000000000       0.495012784628353 
     0.263000000000000       0.494549736736644 
     0.264000000000000       0.507978823234614 
     0.265000000000000       0.507483807574882 
     0.266000000000000       0.520890021328059 
     0.267000000000000       0.534321257811291 
     0.268000000000000       0.533844961722181 
     0.269000000000000       0.547270140278229 
     0.270000000000000       0.546852547508516 
     0.271000000000000       0.560426617745014 
     0.272000000000000       0.560121066589135 
     0.273000000000000       0.573767640238039 
     0.274000000000000       0.587447778735324 
     0.275000000000000       0.587200156703242 
     0.276000000000000       0.600859988045213 
     0.277000000000000       0.600611446037579 
     0.278000000000000       0.614308351021238 
     0.279000000000000       0.614032359437799 
     0.280000000000000       0.627678083504712 
     0.281000000000000       0.641325833238749 
     0.282000000000000       0.640992231703626 
     0.283000000000000       0.654552369749018 
     0.284000000000000       0.654142287096871 
     0.285000000000000       0.667669302522286 
     0.286000000000000       0.667157536466910 
     0.287000000000000       0.680551710874939 
     0.288000000000000       0.693919521643208 
     0.289000000000000       0.693251118474107 
     0.290000000000000       0.706467372537139 
     0.291000000000000       0.705676551992189 
     0.292000000000000       0.718830896295959 
     0.293000000000000       0.717921185869953 
     0.294000000000000       0.730936054348675 
     0.295000000000000       0.743935887329403 
     0.296000000000000       0.742898021608863 
     0.297000000000000       0.755771775793766 
     0.298000000000000       0.754640293665956 
     0.299000000000000       0.767484223845631 
     0.300000000000000       0.766262992671324 
     0.301000000000000       0.778987103079686 
     0.302000000000000       0.791703668647656 
     0.303000000000000       0.790380364537629 
     0.304000000000000       0.802995077674691 
     0.305000000000000       0.801615377320644 
     0.306000000000000       0.814246307466103 
     0.307000000000000       0.812828227193148 
     0.308000000000000       0.825398908388694 
     0.309000000000000       0.837982577989919 
     0.310000000000000       0.836536261250153 
     0.311000000000000       0.849060213437971 
     0.312000000000000       0.861607387018463 
     0.313000000000000       0.860131350335726 
     0.314000000000000       0.872616387863596 
     0.315000000000000       0.871112248284520 
     0.316000000000000       0.883625184186858 
     0.317000000000000       0.882092378694825 
     0.318000000000000       0.894560012114781 
     0.319000000000000       0.907066066642988 
     0.320000000000000       0.905567004439879 
     0.321000000000000       0.918091347599994 
     0.322000000000000       0.916664720821458 
     0.323000000000000       0.929323810673942 
     0.324000000000000       0.927960370175709 
     0.325000000000000       0.940644510317094 
     0.326000000000000       0.953371577265726 
     0.327000000000000       0.952074227580795 
     0.328000000000000       0.964791735062489 
     0.329000000000000       0.977549620235369 
     0.330000000000000       0.976279491626048 
     0.331000000000000       0.989000005673780 
     0.332000000000000       0.987710229901531 
     0.333000000000000       1.000458007792739 
     0.334000000000000       0.999130091117555 
     0.335000000000000       1.011814956022256 
     0.336000000000000       1.024518037475680 
     0.337000000000000       1.023166808132359 
     0.338000000000000       1.035822424561729 
     0.339000000000000       1.034463321737718 
     0.340000000000000       1.047185700478682 
     0.341000000000000       1.045870848267572 
     0.342000000000000       1.058673340243280 
     0.343000000000000       1.071574369256485 
     0.344000000000000       1.070480060357866 
     0.345000000000000       1.083457983320743 
     0.346000000000000       1.096492568787848 
     0.347000000000000       1.095494315674294 
     0.348000000000000       1.108527828102716 
     0.349000000000000       1.107550795466699 
     0.350000000000000       1.120634300780980 
     0.351000000000000       1.119664115813270 
     0.352000000000000       1.132760471574640 
     0.353000000000000       1.145887708411681 
     0.354000000000000       1.144957370254451 
     0.355000000000000       1.158072512628120 
     0.356000000000000       1.157153336599562 
     0.357000000000000       1.170320903444605 
     0.358000000000000       1.183451395172206 
     0.359000000000000       1.182557903715489 
     0.360000000000000       1.195737231928824 
     0.361000000000000       1.194834793713213 
     0.362000000000000       1.207998410114973 
     0.363000000000000       1.221187255656716 
     0.364000000000000       1.220298289188460 
     0.365000000000000       1.233458201764414 
     0.366000000000000       1.232569538124222 
     0.367000000000000       1.245772386870740 
     0.368000000000000       1.244873951386044 
     0.369000000000000       1.258064925382962 
     0.370000000000000       1.271273752231538 
     0.371000000000000       1.270391430798723 
     0.372000000000000       1.283580917974700 
     0.373000000000000       1.296799931671027 
     0.374000000000000       1.295934872186752 
     0.375000000000000       1.309127712829396 
     0.376000000000000       1.308271021204366 
     0.377000000000000       1.321513645813022 
     0.378000000000000       1.320650060781306 
     0.379000000000000       1.333878476241146 
     0.380000000000000       1.347129172192258 
     0.381000000000000       1.346286757037658 
     0.382000000000000       1.359518585147718 
     0.383000000000000       1.372783346901068 
     0.384000000000000       1.371958955852335 
     0.385000000000000       1.385192708255090 
     0.386000000000000       1.384370249392260 
     0.387000000000000       1.397646057628181 
     0.388000000000000       1.396809790286438 
     0.389000000000000       1.410062919032983 
     0.390000000000000       1.423338316891529 
     0.391000000000000       1.422510250505843 
     0.392000000000000       1.435753056718545 
     0.393000000000000       1.434920500288600 
     0.394000000000000       1.448203330139185 
     0.395000000000000       1.461435285102976 
     0.396000000000000       1.460604097303284 
     0.397000000000000       1.473870603583084 
     0.398000000000000       1.473017327725085 
     0.399000000000000       1.486252273464046 
     0.400000000000000       1.499509284781984 
     0.401000000000000       1.498654372572117 
     0.402000000000000       1.511870078235823 
     0.403000000000000       1.511008265368744 
     0.404000000000000       1.524260733218902 
     0.405000000000000       1.523379056085176 
     0.406000000000000       1.536606348277484 
     0.407000000000000       1.549852221948617 
     0.408000000000000       1.548977610592910 
     0.409000000000000       1.562195954968967 
     0.410000000000000       1.575444300109814 
     0.411000000000000       1.574580910189713 
     0.412000000000000       1.587794136113679 
     0.413000000000000       1.586933548727922 
     0.414000000000000       1.600191816206790 
     0.415000000000000       1.599322046689586 
     0.416000000000000       1.612563865298599 
     0.417000000000000       1.625834784589902 
     0.418000000000000       1.624990866653096 
     0.419000000000000       1.638243678098931 
     0.420000000000000       1.637414946654214 
     0.421000000000000       1.650728836559582 
     0.422000000000000       1.649905053875303 
     0.423000000000000       1.663214109147390 
     0.424000000000000       1.676551860384931 
     0.425000000000000       1.675770127589360 
     0.426000000000000       1.689102523293084 
     0.427000000000000       1.702476137667963 
     0.428000000000000       1.701741475294106 
     0.429000000000000       1.715104842120693 
     0.430000000000000       1.714398440337646 
     0.431000000000000       1.727830616524317 
     0.432000000000000       1.727139646654225 
     0.433000000000000       1.740579243780665 
     0.434000000000000       1.754059761989343 
     0.435000000000000       1.753427440463527 
     0.436000000000000       1.766910120983960 
     0.437000000000000       1.766312036833316 
     0.438000000000000       1.779868127192564 
     0.439000000000000       1.779288342053826 
     0.440000000000000       1.792855370523501 
     0.441000000000000       1.806459197908270 
     0.442000000000000       1.805944918689068 
     0.443000000000000       1.819559222005418 
     0.444000000000000       1.819079381879032 
     0.445000000000000       1.832770017931709 
     0.446000000000000       1.832310491426796 
     0.447000000000000       1.846012584518471 
     0.448000000000000       1.859745892275608 
     0.449000000000000       1.859350373118193 
     0.450000000000000       1.873097903090521 
     0.451000000000000       1.886889490367013 
     0.452000000000000       1.886558339547037 
     0.453000000000000       1.900352827409263 
     0.454000000000000       1.900059258001431 
     0.455000000000000       1.913927462120492 
     0.456000000000000       1.913654924498287 
     0.457000000000000       1.927539417428175 
     0.458000000000000       1.941463111937212 
     0.459000000000000       1.941257469663494 
     0.460000000000000       1.955191491636645 
     0.461000000000000       1.955025427397816 
     0.462000000000000       1.969032760576406 
     0.463000000000000       1.968886995604041 
     0.464000000000000       1.982913560165640 
     0.465000000000000       1.996971078275369 
     0.466000000000000       1.996891692775643 
     0.467000000000000       2.010961465131976 
     0.468000000000000       2.010920971991977 
     0.469000000000000       2.025063792301191 
     0.470000000000000       2.025042525997041 
     0.471000000000000       2.039199795357225 
     0.472000000000000       2.053386191262520 
     0.473000000000000       2.053407679071812 
     0.474000000000000       2.067591448357700 
     0.475000000000000       2.081824020717297 
     0.476000000000000       2.081922605301539 
     0.477000000000000       2.096165058037357 
     0.478000000000000       2.096307539706793 
     0.479000000000000       2.110623947066811 
     0.480000000000000       2.110790471178737 
     0.481000000000000       2.125126905685464 
     0.482000000000000       2.139505230578488 
     0.483000000000000       2.139742329464818 
     0.484000000000000       2.154131377075686 
     0.485000000000000       2.154411006547871 
     0.486000000000000       2.168875115251705 
     0.487000000000000       2.169179271015919 
     0.488000000000000       2.183659195217940 
     0.489000000000000       2.198175968775473 
     0.490000000000000       2.198545526627477 
     0.491000000000000       2.213072417209231 
     0.492000000000000       2.213482629487375 
     0.493000000000000       2.228074374983851 
     0.494000000000000       2.228501705878140 
     0.495000000000000       2.243108757379606 
     0.496000000000000       2.257746720316186 
     0.497000000000000       2.258228482189201 
     0.498000000000000       2.272867513777056 
     0.499000000000000       2.273379596364965 
     0.500000000000000       2.288068864946732 
