#   INTS     DELTA_A
     0.000000000000000       0.000000000000000 
     0.001000000000000       0.000000000000000 
     0.002000000000000       0.000000000000000 
     0.003000000000000       0.000000000000000 
     0.004000000000000       0.000000000000000 
     0.005000000000000       0.000000000000000 
     0.006000000000000       0.000000000000000 
     0.007000000000000       0.000000000000000 
     0.008000000000000       0.000000000000000 
     0.009000000000000       0.000000000000000 
     0.010000000000000       0.000000000000000 
     0.011000000000000       0.000000000000000 
     0.012000000000000       0.000000000000000 
     0.013000000000000       0.000000000000000 
     0.014000000000000       0.000000000000000 
     0.015000000000000       0.000000000000000 
     0.016000000000000       0.000000000000000 
     0.017000000000000       0.000000000000000 
     0.018000000000000       0.000000000000000 
     0.019000000000000       0.000000000000000 
     0.020000000000000       0.000000000000000 
     0.021000000000000       0.000000000000000 
     0.022000000000000       0.000000000000000 
     0.023000000000000       0.000000000000000 
     0.024000000000000       0.000000000000000 
     0.025000000000000       0.000000000000000 
     0.026000000000000       0.000000000000000 
     0.027000000000000       0.000000000000000 
     0.028000000000000       0.000000000000000 
     0.029000000000000       0.000000000000000 
     0.030000000000000       0.000000000000000 
     0.031000000000000       0.000000000000000 
     0.032000000000000       0.000000000000000 
     0.033000000000000       0.000000000000000 
     0.034000000000000       0.000000000000000 
     0.035000000000000       0.000000000000000 
     0.036000000000000       0.000000000000000 
     0.037000000000000       0.000000000000000 
     0.038000000000000       0.000000000000000 
     0.039000000000000       0.000000000000000 
     0.040000000000000       0.000000000000000 
     0.041000000000000       0.000000000000000 
     0.042000000000000       0.000000000000000 
     0.043000000000000       0.000000000000000 
     0.044000000000000       0.000000000000000 
     0.045000000000000       0.000000000000000 
     0.046000000000000       0.000000000000000 
     0.047000000000000       0.000000000000000 
     0.048000000000000       0.000000000000000 
     0.049000000000000       0.000000000000000 
     0.050000000000000       0.000000000000000 
     0.051000000000000       0.000000000000000 
     0.052000000000000       0.000000000000000 
     0.053000000000000       0.000000000000000 
     0.054000000000000       0.000000000000000 
     0.055000000000000       0.000000000000000 
     0.056000000000000       0.000000000000000 
     0.057000000000000       0.000000000000000 
     0.058000000000000       0.000000000000000 
     0.059000000000000       0.000000000000000 
     0.060000000000000       0.000000000000000 
     0.061000000000000       0.000000000000000 
     0.062000000000000       0.000000000000000 
     0.063000000000000       0.000000000000000 
     0.064000000000000       0.000000000000000 
     0.065000000000000       0.000000000000000 
     0.066000000000000       0.000000000000000 
     0.067000000000000       0.000000000000000 
     0.068000000000000       0.000000000000000 
     0.069000000000000       0.000000000000000 
     0.070000000000000       0.000000000000000 
     0.071000000000000       0.000000000000000 
     0.072000000000000       0.000000000000000 
     0.073000000000000       0.000000000000000 
     0.074000000000000       0.000000000000000 
     0.075000000000000       0.000000000000000 
     0.076000000000000       0.000000000000000 
     0.077000000000000       0.000000000000000 
     0.078000000000000       0.000000000000000 
     0.079000000000000       0.000000000000000 
     0.080000000000000       0.000000000000000 
     0.081000000000000       0.000000000000000 
     0.082000000000000       0.000000000000000 
     0.083000000000000       0.000000000000000 
     0.084000000000000       0.000000000000000 
     0.085000000000000       0.000000000000000 
     0.086000000000000       0.000000000000000 
     0.087000000000000       0.000000000000000 
     0.088000000000000       0.000000000000000 
     0.089000000000000       0.000000000000000 
     0.090000000000000       0.000000000000000 
     0.091000000000000       0.000000000000000 
     0.092000000000000       0.000000000000000 
     0.093000000000000       0.000000000000000 
     0.094000000000000       0.000000000000000 
     0.095000000000000       0.000000000000000 
     0.096000000000000       0.000000000000000 
     0.097000000000000       0.000000000000000 
     0.098000000000000       0.000000000000000 
     0.099000000000000       0.000000000000000 
     0.100000000000000       0.000000000000000 
     0.101000000000000       0.000000000000000 
     0.102000000000000       0.000000000000000 
     0.103000000000000       0.000000000000000 
     0.104000000000000       0.000000000000000 
     0.105000000000000       0.000000000000000 
     0.106000000000000       0.000000000000000 
     0.107000000000000       0.000000000000000 
     0.108000000000000       0.000000000000000 
     0.109000000000000       0.000000000000000 
     0.110000000000000       0.000000000000000 
     0.111000000000000       0.000000000000000 
     0.112000000000000       0.000000000000000 
     0.113000000000000       0.000000000000000 
     0.114000000000000       0.000000000000000 
     0.115000000000000       0.000000000000000 
     0.116000000000000       0.000000000000000 
     0.117000000000000       0.000000000000000 
     0.118000000000000       0.000000000000000 
     0.119000000000000       0.000000000000000 
     0.120000000000000       0.000000000000000 
     0.121000000000000       0.000000000000000 
     0.122000000000000       0.000000000000000 
     0.123000000000000       0.000000000000000 
     0.124000000000000       0.000000000000000 
     0.125000000000000       0.000000000000000 
     0.126000000000000       0.000000000000000 
     0.127000000000000       0.000000000000000 
     0.128000000000000       0.000000000000000 
     0.129000000000000       0.000000000000000 
     0.130000000000000       0.000000000000000 
     0.131000000000000       0.000000000000000 
     0.132000000000000       0.000000000000000 
     0.133000000000000       0.000000000000000 
     0.134000000000000       0.000000000000000 
     0.135000000000000       0.000000000000000 
     0.136000000000000       0.000000000000000 
     0.137000000000000       0.000000000000000 
     0.138000000000000       0.000000000000000 
     0.139000000000000       0.000000000000000 
     0.140000000000000       0.000000000000000 
     0.141000000000000       0.000000000000000 
     0.142000000000000       0.000000000000000 
     0.143000000000000       0.000000000000000 
     0.144000000000000       0.000000000000000 
     0.145000000000000       0.000000000000000 
     0.146000000000000       0.000000000000000 
     0.147000000000000       0.000000000000000 
     0.148000000000000       0.000000000000000 
     0.149000000000000       0.000000000000000 
     0.150000000000000       0.000000000000000 
     0.151000000000000       0.000000000000000 
     0.152000000000000       0.000000000000000 
     0.153000000000000       0.000000000000000 
     0.154000000000000       0.000000000000000 
     0.155000000000000       0.000000000000000 
     0.156000000000000       0.000000000000000 
     0.157000000000000       0.000000000000000 
     0.158000000000000       0.000000000000000 
     0.159000000000000       0.000000000000000 
     0.160000000000000       0.000000000000000 
     0.161000000000000       0.000000000000000 
     0.162000000000000       0.000000000000000 
     0.163000000000000       0.000000000000000 
     0.164000000000000       0.000000000000000 
     0.165000000000000       0.000000000000000 
     0.166000000000000       0.000000000000000 
     0.167000000000000       0.000000000000000 
     0.168000000000000       0.000000000000000 
     0.169000000000000       0.000000000000000 
     0.170000000000000       0.000000000000000 
     0.171000000000000       0.000000000000000 
     0.172000000000000       0.000000000000000 
     0.173000000000000       0.000000000000000 
     0.174000000000000       0.000000000000000 
     0.175000000000000       0.000000000000000 
     0.176000000000000       0.000000000000000 
     0.177000000000000       0.000000000000000 
     0.178000000000000       0.000000000000000 
     0.179000000000000       0.000000000000000 
     0.180000000000000       0.000000000000000 
     0.181000000000000       0.000000000000000 
     0.182000000000000       0.000000000000000 
     0.183000000000000       0.000000000000000 
     0.184000000000000       0.000000000000000 
     0.185000000000000       0.000000000000000 
     0.186000000000000       0.000000000000000 
     0.187000000000000       0.000000000000000 
     0.188000000000000       0.000000000000000 
     0.189000000000000       0.000000000000000 
     0.190000000000000       0.000000000000000 
     0.191000000000000       0.000000000000000 
     0.192000000000000       0.000000000000000 
     0.193000000000000       0.000000000000000 
     0.194000000000000       0.000000000000000 
     0.195000000000000       0.000000000000000 
     0.196000000000000       0.000000000000000 
     0.197000000000000       0.000000000000000 
     0.198000000000000       0.000000000000000 
     0.199000000000000       0.000000000000000 
     0.200000000000000       0.000000000000000 
     0.201000000000000       0.000000000000000 
     0.202000000000000       0.000000000000000 
     0.203000000000000       0.000000000000000 
     0.204000000000000       0.000000000000000 
     0.205000000000000       0.000000000000000 
     0.206000000000000       0.000000000000000 
     0.207000000000000       0.000000000000000 
     0.208000000000000       0.000000000000000 
     0.209000000000000       0.000000000000000 
     0.210000000000000       0.000000000000000 
     0.211000000000000       0.000000000000000 
     0.212000000000000       0.000000000000000 
     0.213000000000000       0.000000000000000 
     0.214000000000000       0.000000000000000 
     0.215000000000000       0.000000000000000 
     0.216000000000000       0.000000000000000 
     0.217000000000000       0.000000000000000 
     0.218000000000000       0.000000000000000 
     0.219000000000000       0.000000000000000 
     0.220000000000000       0.000000000000000 
     0.221000000000000       0.000000000000000 
     0.222000000000000       0.000000000000000 
     0.223000000000000       0.000000000000000 
     0.224000000000000       0.000000000000000 
     0.225000000000000       0.000000000000000 
     0.226000000000000       0.000000000000000 
     0.227000000000000       0.000000000000000 
     0.228000000000000       0.000000000000000 
     0.229000000000000       0.000000000000000 
     0.230000000000000       0.000000000000000 
     0.231000000000000       0.000000000000000 
     0.232000000000000       0.000000000000000 
     0.233000000000000       0.000000000000000 
     0.234000000000000       0.000000000000000 
     0.235000000000000       0.000000000000000 
     0.236000000000000       0.000000000000000 
     0.237000000000000       0.000000000000000 
     0.238000000000000       0.000000000000000 
     0.239000000000000       0.000000000000000 
     0.240000000000000       0.000000000000000 
     0.241000000000000       0.000000000000000 
     0.242000000000000       0.000000000000000 
     0.243000000000000       0.000000000000000 
     0.244000000000000       0.000000000000000 
     0.245000000000000       0.000000000000000 
     0.246000000000000       0.000000000000000 
     0.247000000000000       0.000000000000000 
     0.248000000000000       0.000000000000000 
     0.249000000000000       0.000000000000000 
     0.250000000000000       0.000000000000000 
     0.251000000000000       0.000000000000000 
     0.252000000000000       0.000000000000000 
     0.253000000000000       0.000000000000000 
     0.254000000000000       0.000000000000000 
     0.255000000000000       0.000000000000000 
     0.256000000000000       0.000000000000000 
     0.257000000000000       0.000000000000000 
     0.258000000000000       0.000000000000000 
     0.259000000000000       0.000000000000000 
     0.260000000000000       0.000000000000000 
     0.261000000000000       0.000000000000000 
     0.262000000000000       0.000000000000000 
     0.263000000000000       0.000000000000000 
     0.264000000000000       0.000000000000000 
     0.265000000000000       0.000000000000000 
     0.266000000000000       0.000000000000000 
     0.267000000000000       0.000000000000000 
     0.268000000000000       0.000000000000000 
     0.269000000000000       0.000000000000000 
     0.270000000000000       0.000000000000000 
     0.271000000000000       0.000000000000000 
     0.272000000000000       0.000000000000000 
     0.273000000000000       0.000000000000000 
     0.274000000000000       0.000000000000000 
     0.275000000000000       0.000000000000000 
     0.276000000000000       0.000000000000000 
     0.277000000000000       0.000000000000000 
     0.278000000000000       0.000000000000000 
     0.279000000000000       0.000000000000000 
     0.280000000000000       0.000000000000000 
     0.281000000000000       0.000000000000000 
     0.282000000000000       0.000000000000000 
     0.283000000000000       0.000000000000000 
     0.284000000000000       0.000000000000000 
     0.285000000000000       0.000000000000000 
     0.286000000000000       0.000000000000000 
     0.287000000000000       0.000000000000000 
     0.288000000000000       0.000000000000000 
     0.289000000000000       0.000000000000000 
     0.290000000000000       0.000000000000000 
     0.291000000000000       0.000000000000000 
     0.292000000000000       0.000000000000000 
     0.293000000000000       0.000000000000000 
     0.294000000000000       0.000000000000000 
     0.295000000000000       0.000000000000000 
     0.296000000000000       0.000000000000000 
     0.297000000000000       0.000000000000000 
     0.298000000000000       0.000000000000000 
     0.299000000000000       0.000000000000000 
     0.300000000000000       0.000000000000000 
     0.301000000000000       0.000000000000000 
     0.302000000000000       0.000000000000000 
     0.303000000000000       0.000000000000000 
     0.304000000000000       0.000000000000000 
     0.305000000000000       0.000000000000000 
     0.306000000000000       0.000000000000000 
     0.307000000000000       0.000000000000000 
     0.308000000000000       0.000000000000000 
     0.309000000000000       0.000000000000000 
     0.310000000000000       0.000000000000000 
     0.311000000000000       0.000000000000000 
     0.312000000000000       0.000000000000000 
     0.313000000000000       0.000000000000000 
     0.314000000000000       0.000000000000000 
     0.315000000000000       0.000000000000000 
     0.316000000000000       0.000000000000000 
     0.317000000000000       0.000000000000000 
     0.318000000000000       0.000000000000000 
     0.319000000000000       0.000000000000000 
     0.320000000000000       0.000000000000000 
     0.321000000000000       0.000000000000000 
     0.322000000000000       0.000000000000000 
     0.323000000000000       0.000000000000000 
     0.324000000000000       0.000000000000000 
     0.325000000000000       0.000000000000000 
     0.326000000000000       0.000000000000000 
     0.327000000000000       0.000000000000000 
     0.328000000000000       0.000000000000000 
     0.329000000000000       0.000000000000000 
     0.330000000000000       0.000000000000000 
     0.331000000000000       0.000000000000000 
     0.332000000000000       0.000000000000000 
     0.333000000000000       0.000000000000000 
     0.334000000000000       0.000000000000000 
     0.335000000000000       0.000000000000000 
     0.336000000000000       0.000000000000000 
     0.337000000000000       0.000000000000000 
     0.338000000000000       0.000000000000000 
     0.339000000000000       0.000000000000000 
     0.340000000000000       0.000000000000000 
     0.341000000000000       0.000000000000000 
     0.342000000000000       0.000000000000000 
     0.343000000000000       0.000000000000000 
     0.344000000000000       0.000000000000000 
     0.345000000000000       0.000000000000000 
     0.346000000000000       0.000000000000000 
     0.347000000000000       0.000000000000000 
     0.348000000000000       0.000000000000000 
     0.349000000000000       0.000000000000000 
     0.350000000000000       0.000000000000000 
     0.351000000000000       0.000000000000000 
     0.352000000000000       0.000000000000000 
     0.353000000000000       0.000000000000000 
     0.354000000000000       0.000000000000000 
     0.355000000000000       0.000000000000000 
     0.356000000000000       0.000000000000000 
     0.357000000000000       0.000000000000000 
     0.358000000000000       0.000000000000000 
     0.359000000000000       0.000000000000000 
     0.360000000000000       0.000000000000000 
     0.361000000000000       0.000000000000000 
     0.362000000000000       0.000000000000000 
     0.363000000000000       0.000000000000000 
     0.364000000000000       0.000000000000000 
     0.365000000000000       0.000000000000000 
     0.366000000000000       0.000000000000000 
     0.367000000000000       0.000000000000000 
     0.368000000000000       0.000000000000000 
     0.369000000000000       0.000000000000000 
     0.370000000000000       0.000000000000000 
     0.371000000000000       0.000000000000000 
     0.372000000000000       0.000000000000000 
     0.373000000000000       0.000000000000000 
     0.374000000000000       0.000000000000000 
     0.375000000000000       0.000000000000000 
     0.376000000000000       0.000000000000000 
     0.377000000000000       0.000000000000000 
     0.378000000000000       0.000000000000000 
     0.379000000000000       0.000000000000000 
     0.380000000000000       0.000000000000000 
     0.381000000000000       0.000000000000000 
     0.382000000000000       0.000000000000000 
     0.383000000000000       0.000000000000000 
     0.384000000000000       0.000000000000000 
     0.385000000000000       0.000000000000000 
     0.386000000000000       0.000000000000000 
     0.387000000000000       0.000000000000000 
     0.388000000000000       0.000000000000000 
     0.389000000000000       0.000000000000000 
     0.390000000000000       0.000000000000000 
     0.391000000000000       0.000000000000000 
     0.392000000000000       0.000000000000000 
     0.393000000000000       0.000000000000000 
     0.394000000000000       0.000000000000000 
     0.395000000000000       0.000000000000000 
     0.396000000000000       0.000000000000000 
     0.397000000000000       0.000000000000000 
     0.398000000000000       0.000000000000000 
     0.399000000000000       0.000000000000000 
     0.400000000000000       0.000000000000000 
     0.401000000000000       0.000000000000000 
     0.402000000000000       0.000000000000000 
     0.403000000000000       0.000000000000000 
     0.404000000000000       0.000000000000000 
     0.405000000000000       0.000000000000000 
     0.406000000000000       0.000000000000000 
     0.407000000000000       0.000000000000000 
     0.408000000000000       0.000000000000000 
     0.409000000000000       0.000000000000000 
     0.410000000000000       0.000000000000000 
     0.411000000000000       0.000000000000000 
     0.412000000000000       0.000000000000000 
     0.413000000000000       0.000000000000000 
     0.414000000000000       0.000000000000000 
     0.415000000000000       0.000000000000000 
     0.416000000000000       0.000000000000000 
     0.417000000000000       0.000000000000000 
     0.418000000000000       0.000000000000000 
     0.419000000000000       0.000000000000000 
     0.420000000000000       0.000000000000000 
     0.421000000000000       0.000000000000000 
     0.422000000000000       0.000000000000000 
     0.423000000000000       0.000000000000000 
     0.424000000000000       0.000000000000000 
     0.425000000000000       0.000000000000000 
     0.426000000000000       0.000000000000000 
     0.427000000000000       0.000000000000000 
     0.428000000000000       0.000000000000000 
     0.429000000000000       0.000000000000000 
     0.430000000000000       0.000000000000000 
     0.431000000000000       0.000000000000000 
     0.432000000000000       0.000000000000000 
     0.433000000000000       0.000000000000000 
     0.434000000000000       0.000000000000000 
     0.435000000000000       0.000000000000000 
     0.436000000000000       0.000000000000000 
     0.437000000000000       0.000000000000000 
     0.438000000000000       0.000000000000000 
     0.439000000000000       0.000000000000000 
     0.440000000000000       0.000000000000000 
     0.441000000000000       0.000000000000000 
     0.442000000000000       0.000000000000000 
     0.443000000000000       0.000000000000000 
     0.444000000000000       0.000000000000000 
     0.445000000000000       0.000000000000000 
     0.446000000000000       0.000000000000000 
     0.447000000000000       0.000000000000000 
     0.448000000000000       0.000000000000000 
     0.449000000000000       0.000000000000000 
     0.450000000000000       0.000000000000000 
     0.451000000000000       0.000000000000000 
     0.452000000000000       0.000000000000000 
     0.453000000000000       0.000000000000000 
     0.454000000000000       0.000000000000000 
     0.455000000000000       0.000000000000000 
     0.456000000000000       0.000000000000000 
     0.457000000000000       0.000000000000000 
     0.458000000000000       0.000000000000000 
     0.459000000000000       0.000000000000000 
     0.460000000000000       0.000000000000000 
     0.461000000000000       0.000000000000000 
     0.462000000000000       0.000000000000000 
     0.463000000000000       0.000000000000000 
     0.464000000000000       0.000000000000000 
     0.465000000000000       0.000000000000000 
     0.466000000000000       0.000000000000000 
     0.467000000000000       0.000000000000000 
     0.468000000000000       0.000000000000000 
     0.469000000000000       0.000000000000000 
     0.470000000000000       0.000000000000000 
     0.471000000000000       0.000000000000000 
     0.472000000000000       0.000000000000000 
     0.473000000000000       0.000000000000000 
     0.474000000000000       0.000000000000000 
     0.475000000000000       0.000000000000000 
     0.476000000000000       0.000000000000000 
     0.477000000000000       0.000000000000000 
     0.478000000000000       0.000000000000000 
     0.479000000000000       0.000000000000000 
     0.480000000000000       0.000000000000000 
     0.481000000000000       0.000000000000000 
     0.482000000000000       0.000000000000000 
     0.483000000000000       0.000000000000000 
     0.484000000000000       0.000000000000000 
     0.485000000000000       0.000000000000000 
     0.486000000000000       0.000000000000000 
     0.487000000000000       0.000000000000000 
     0.488000000000000       0.000000000000000 
     0.489000000000000       0.000000000000000 
     0.490000000000000       0.000000000000000 
     0.491000000000000       0.000000000000000 
     0.492000000000000       0.000000000000000 
     0.493000000000000       0.000000000000000 
     0.494000000000000       0.000000000000000 
     0.495000000000000       0.000000000000000 
     0.496000000000000       0.000000000000000 
     0.497000000000000       0.000000000000000 
     0.498000000000000       0.000000000000000 
     0.499000000000000       0.000000000000000 
     0.500000000000000       0.000000000000000 
     0.501000000000000       0.000000000000000 
     0.502000000000000       0.000000000000000 
     0.503000000000000       0.000000000000000 
     0.504000000000000       0.000000000000000 
     0.505000000000000       0.000000000000000 
     0.506000000000000       0.000000000000000 
     0.507000000000000       0.000000000000000 
     0.508000000000000       0.000000000000000 
     0.509000000000000       0.000000000000000 
     0.510000000000000       0.000000000000000 
     0.511000000000000       0.000000000000000 
     0.512000000000000       0.000000000000000 
     0.513000000000000       0.000000000000000 
     0.514000000000000       0.000000000000000 
     0.515000000000000       0.000000000000000 
     0.516000000000000       0.000000000000000 
     0.517000000000000       0.000000000000000 
     0.518000000000000       0.000000000000000 
     0.519000000000000       0.000000000000000 
     0.520000000000000       0.000000000000000 
     0.521000000000000       0.000000000000000 
     0.522000000000000       0.000000000000000 
     0.523000000000000       0.000000000000000 
     0.524000000000000       0.000000000000000 
     0.525000000000000       0.000000000000000 
     0.526000000000000       0.000000000000000 
     0.527000000000000       0.000000000000000 
     0.528000000000000       0.000000000000000 
     0.529000000000000       0.000000000000000 
     0.530000000000000       0.000000000000000 
     0.531000000000000       0.000000000000000 
     0.532000000000000       0.000000000000000 
     0.533000000000000       0.000000000000000 
     0.534000000000000       0.000000000000000 
     0.535000000000000       0.000000000000000 
     0.536000000000000       0.000000000000000 
     0.537000000000000       0.000000000000000 
     0.538000000000000       0.000000000000000 
     0.539000000000000       0.000000000000000 
     0.540000000000000       0.000000000000000 
     0.541000000000000       0.000000000000000 
     0.542000000000000       0.000000000000000 
     0.543000000000000       0.000000000000000 
     0.544000000000000       0.000000000000000 
     0.545000000000000       0.000000000000000 
     0.546000000000000       0.000000000000000 
     0.547000000000000       0.000000000000000 
     0.548000000000000       0.000000000000000 
     0.549000000000000       0.000000000000000 
     0.550000000000000       0.000000000000000 
     0.551000000000000       0.000000000000000 
     0.552000000000000       0.000000000000000 
     0.553000000000000       0.000000000000000 
     0.554000000000000       0.000000000000000 
     0.555000000000000       0.000000000000000 
     0.556000000000000       0.000000000000000 
     0.557000000000000       0.000000000000000 
     0.558000000000000       0.000000000000000 
     0.559000000000000       0.000000000000000 
     0.560000000000000       0.000000000000000 
     0.561000000000000       0.000000000000000 
     0.562000000000000       0.000000000000000 
     0.563000000000000       0.000000000000000 
     0.564000000000000       0.000000000000000 
     0.565000000000000       0.000000000000000 
     0.566000000000000       0.000000000000000 
     0.567000000000000       0.000000000000000 
     0.568000000000000       0.000000000000000 
     0.569000000000000       0.000000000000000 
     0.570000000000000       0.000000000000000 
     0.571000000000000       0.000000000000000 
     0.572000000000000       0.000000000000000 
     0.573000000000000       0.000000000000000 
     0.574000000000000       0.000000000000000 
     0.575000000000000       0.000000000000000 
     0.576000000000000       0.000000000000000 
     0.577000000000000       0.000000000000000 
     0.578000000000000       0.000000000000000 
     0.579000000000000       0.000000000000000 
     0.580000000000000       0.000000000000000 
     0.581000000000000       0.000000000000000 
     0.582000000000000       0.000000000000000 
     0.583000000000000       0.000000000000000 
     0.584000000000000       0.000000000000000 
     0.585000000000000       0.000000000000000 
     0.586000000000000       0.000000000000000 
     0.587000000000000       0.000000000000000 
     0.588000000000000       0.000000000000000 
     0.589000000000000       0.000000000000000 
     0.590000000000000       0.000000000000000 
     0.591000000000000       0.000000000000000 
     0.592000000000000       0.000000000000000 
     0.593000000000000       0.000000000000000 
     0.594000000000000       0.000000000000000 
     0.595000000000000       0.000000000000000 
     0.596000000000000       0.000000000000000 
     0.597000000000000       0.000000000000000 
     0.598000000000000       0.000000000000000 
     0.599000000000000       0.000000000000000 
     0.600000000000000       0.000000000000000 
     0.601000000000000       0.000000000000000 
     0.602000000000000       0.000000000000000 
     0.603000000000000       0.000000000000000 
     0.604000000000000       0.000000000000000 
     0.605000000000000       0.000000000000000 
     0.606000000000000       0.000000000000000 
     0.607000000000000       0.000000000000000 
     0.608000000000000       0.000000000000000 
     0.609000000000000       0.000000000000000 
     0.610000000000000       0.000000000000000 
     0.611000000000000       0.000000000000000 
     0.612000000000000       0.000000000000000 
     0.613000000000000       0.000000000000000 
     0.614000000000000       0.000000000000000 
     0.615000000000000       0.000000000000000 
     0.616000000000000       0.000000000000000 
     0.617000000000000       0.000000000000000 
     0.618000000000000       0.000000000000000 
     0.619000000000000       0.000000000000000 
     0.620000000000000       0.000000000000000 
     0.621000000000000       0.000000000000000 
     0.622000000000000       0.000000000000000 
     0.623000000000000       0.000000000000000 
     0.624000000000000       0.000000000000000 
     0.625000000000000       0.000000000000000 
     0.626000000000000       0.000000000000000 
     0.627000000000000       0.000000000000000 
     0.628000000000000       0.000000000000000 
     0.629000000000000       0.000000000000000 
     0.630000000000000       0.000000000000000 
     0.631000000000000       0.000000000000000 
     0.632000000000000       0.000000000000000 
     0.633000000000000       0.000000000000000 
     0.634000000000000       0.000000000000000 
     0.635000000000000       0.000000000000000 
     0.636000000000000       0.000000000000000 
     0.637000000000000       0.000000000000000 
     0.638000000000000       0.000000000000000 
     0.639000000000000       0.000000000000000 
     0.640000000000000       0.000000000000000 
     0.641000000000000       0.000000000000000 
     0.642000000000000       0.000000000000000 
     0.643000000000000       0.000000000000000 
     0.644000000000000       0.000000000000000 
     0.645000000000000       0.000000000000000 
     0.646000000000000       0.000000000000000 
     0.647000000000000       0.000000000000000 
     0.648000000000000       0.000000000000000 
     0.649000000000000       0.000000000000000 
     0.650000000000000       0.000000000000000 
     0.651000000000000       0.000000000000000 
     0.652000000000000       0.000000000000000 
     0.653000000000000       0.000000000000000 
     0.654000000000000       0.000000000000000 
     0.655000000000000       0.000000000000000 
     0.656000000000000       0.000000000000000 
     0.657000000000000       0.000000000000000 
     0.658000000000000       0.000000000000000 
     0.659000000000000       0.000000000000000 
     0.660000000000000       0.000000000000000 
     0.661000000000000       0.000000000000000 
     0.662000000000000       0.000000000000000 
     0.663000000000000       0.000000000000000 
     0.664000000000000       0.000000000000000 
     0.665000000000000       0.000000000000000 
     0.666000000000000       0.000000000000000 
     0.667000000000000       0.000000000000000 
     0.668000000000000       0.000000000000000 
     0.669000000000000       0.000000000000000 
     0.670000000000000       0.000000000000000 
     0.671000000000000       0.000000000000000 
     0.672000000000000       0.000000000000000 
     0.673000000000000       0.000000000000000 
     0.674000000000000       0.151550581328749 
     0.675000000000000       0.166319835115665 
     0.676000000000000       0.181616617356568 
     0.677000000000000       0.181572096625203 
     0.678000000000000       0.197691903384676 
     0.679000000000000       0.198105479888177 
     0.680000000000000       0.214712917598614 
     0.681000000000000       0.215127684141354 
     0.682000000000000       0.215518576338205 
     0.683000000000000       0.232361029469896 
     0.684000000000000       0.232766246058542 
     0.685000000000000       0.249871726330429 
     0.686000000000000       0.250307142349765 
     0.687000000000000       0.250741911805260 
     0.688000000000001       0.251183735460359 
     0.689000000000001       0.251636212228853 
     0.690000000000001       0.268948612473256 
     0.691000000000001       0.269446258287854 
     0.692000000000001       0.269953058551483 
     0.693000000000001       0.287452063118579 
     0.694000000000001       0.287955029231842 
     0.695000000000001       0.288469159671585 
     0.696000000000001       0.288998578358591 
     0.697000000000001       0.306719122351495 
     0.698000000000001       0.307295640363801 
     0.699000000000001       0.307873105590261 
     0.700000000000001       0.308457801368796 
     0.701000000000001       0.326381288465178 
     0.702000000000001       0.326965737432012 
     0.703000000000001       0.327567321565351 
     0.704000000000001       0.328150910044815 
     0.705000000000001       0.346131319161383 
     0.706000000000001       0.346716380310845 
     0.707000000000001       0.347291729937606 
     0.708000000000001       0.347853178204598 
     0.709000000000001       0.366037843784024 
     0.710000000000001       0.366597319654929 
     0.711000000000001       0.367167629311179 
     0.712000000000001       0.367722371970466 
     0.713000000000001       0.385907968422373 
     0.714000000000001       0.386444278252778 
     0.715000000000001       0.386985402219711 
     0.716000000000001       0.405313131747928 
     0.717000000000001       0.405792398297947 
     0.718000000000001       0.406275258170012 
     0.719000000000001       0.406771183641371 
     0.720000000000001       0.425319141153597 
     0.721000000000001       0.425799945123448 
     0.722000000000001       0.426262431620231 
     0.723000000000001       0.445005647841846 
     0.724000000000001       0.445456524956864 
     0.725000000000001       0.445911209474783 
     0.726000000000001       0.446361817492193 
     0.727000000000001       0.446801240947288 
     0.728000000000001       0.465702524403515 
     0.729000000000001       0.466136095460175 
     0.730000000000001       0.466556295909669 
     0.731000000000001       0.485718282529632 
     0.732000000000001       0.486177971825914 
     0.733000000000001       0.486646828150555 
     0.734000000000001       0.487098864602473 
     0.735000000000001       0.487547665038207 
     0.736000000000001       0.506748675795372 
     0.737000000000001       0.507199283769616 
     0.738000000000001       0.507640724641657 
     0.739000000000001       0.526994982237984 
     0.740000000000001       0.527438338510660 
     0.741000000000001       0.527890070535683 
     0.742000000000001       0.528323188609878 
     0.743000000000001       0.528739464684790 
     0.744000000000001       0.548205540429372 
     0.745000000000001       0.548617630231487 
     0.746000000000001       0.549023807652127 
     0.747000000000001       0.549427436706321 
     0.748000000000001       0.569143758950673 
     0.749000000000001       0.569586569892458 
     0.750000000000001       0.570014392130275 
     0.751000000000001       0.570431945255020 
     0.752000000000001       0.590101256644143 
     0.753000000000001       0.590519046482235 
     0.754000000000001       0.590935904761864 
     0.755000000000001       0.591358556942655 
     0.756000000000001       0.611219361011432 
     0.757000000000001       0.611665454465975 
     0.758000000000001       0.612111747672909 
     0.759000000000001       0.612547319973494 
     0.760000000000001       0.612977305162914 
     0.761000000000001       0.632830353447773 
     0.762000000000001       0.633244416440490 
     0.763000000000001       0.633658845417223 
     0.764000000000001       0.634077544314533 
     0.765000000000001       0.654115744955988 
     0.766000000000001       0.654557800243317 
     0.767000000000001       0.654985410263873 
     0.768000000000001       0.655400099159699 
     0.769000000000001       0.655795063539415 
     0.770000000000001       0.675837072861921 
     0.771000000000001       0.676228707888370 
     0.772000000000001       0.676620865004022 
     0.773000000000001       0.677016833471718 
     0.774000000000001       0.697353067015090 
     0.775000000000001       0.697803003875727 
     0.776000000000001       0.698244188820972 
     0.777000000000001       0.698686649369648 
     0.778000000000001       0.699144227890216 
     0.779000000000001       0.719291599409519 
     0.780000000000001       0.719727175516883 
     0.781000000000001       0.720168201556501 
     0.782000000000001       0.720623289584662 
     0.783000000000001       0.740858086399165 
     0.784000000000001       0.741310174507746 
     0.785000000000001       0.741747509126032 
     0.786000000000001       0.742176133187275 
     0.787000000000001       0.742588646571541 
     0.788000000000001       0.762894852694732 
     0.789000000000001       0.763286815437194 
     0.790000000000001       0.763683682222727 
     0.791000000000001       0.764091430315275 
     0.792000000000001       0.784591943195661 
     0.793000000000001       0.785031079647865 
     0.794000000000001       0.785457451794397 
     0.795000000000001       0.785883657340150 
     0.796000000000001       0.786309025970443 
     0.797000000000001       0.806693346529304 
     0.798000000000001       0.807098538176206 
     0.799000000000001       0.807504135533641 
     0.800000000000001       0.807920176609308 
     0.801000000000001       0.828506332017955 
     0.802000000000001       0.828966533391657 
     0.803000000000001       0.829406332037507 
     0.804000000000001       0.829847628440067 
     0.805000000000001       0.830302017066668 
     0.806000000000001       0.830782194448901 
     0.807000000000001       0.851181343043308 
     0.808000000000001       0.851605993256847 
     0.809000000000001       0.852039309472499 
     0.810000000000001       0.872550576495247 
     0.811000000000001       0.872989205371557 
     0.812000000000001       0.873431618759192 
     0.813000000000001       0.873857083214972 
     0.814000000000001       0.874280998097195 
     0.815000000000001       0.874676467292296 
     0.816000000000001       0.895238050218296 
     0.817000000000001       0.895630179333789 
     0.818000000000001       0.896024620278766 
     0.819000000000001       0.896432057877586 
     0.820000000000001       0.917200881387924 
     0.821000000000001       0.917655451548658 
     0.822000000000001       0.918086378433124 
     0.823000000000001       0.918511055203336 
     0.824000000000001       0.918945893244459 
     0.825000000000001       0.919394903549549 
     0.826000000000001       0.939907567436649 
     0.827000000000001       0.940305558641878 
     0.828000000000001       0.940705473338809 
     0.829000000000001       0.941117925952025 
     0.830000000000001       0.961804118045752 
     0.831000000000001       0.962251342132124 
     0.832000000000001       0.962675052940860 
     0.833000000000001       0.963093951870579 
     0.834000000000001       0.963531880640577 
     0.835000000000001       0.963996095797874 
     0.836000000000001       0.984455963421080 
     0.837000000000001       0.984846563838651 
     0.838000000000001       0.985245113633390 
     0.839000000000001       0.985658109169187 
     0.840000000000001       1.006221943477996 
     0.841000000000001       1.006645026091412 
     0.842000000000001       1.007053257380591 
     0.843000000000001       1.007450528611503 
     0.844000000000001       1.007849217323717 
     0.845000000000001       1.008223860220721 
     0.846000000000001       1.028775231443284 
     0.847000000000001       1.029133406939579 
     0.848000000000001       1.029495443420910 
     0.849000000000001       1.029865094521703 
     0.850000000000001       1.030252079955886 
     0.851000000000001       1.051022538516818 
     0.852000000000001       1.051425991488291 
     0.853000000000001       1.051820674567910 
     0.854000000000001       1.052218301217817 
     0.855000000000001       1.052638997665127 
     0.856000000000001       1.053055173907527 
     0.857000000000001       1.073483828725774 
     0.858000000000001       1.073849349952308 
     0.859000000000001       1.074221222998066 
     0.860000000000001       1.074603728100705 
     0.861000000000001       1.095160981506794 
     0.862000000000001       1.095563387968667 
     0.863000000000001       1.095941084732313 
     0.864000000000001       1.096314558424844 
     0.865000000000001       1.096693006743486 
     0.866000000000001       1.097094009258292 
     0.867000000000001       1.097419247531576 
     0.868000000000001       1.117786475081662 
     0.869000000000001       1.118107445953918 
     0.870000000000001       1.118436369307926 
     0.871000000000001       1.118776875212198 
     0.872000000000001       1.139284574040900 
     0.873000000000001       1.139643896188453 
     0.874000000000001       1.139983081669477 
     0.875000000000001       1.140318545136356 
     0.876000000000001       1.140658479197491 
     0.877000000000001       1.141013521319174 
     0.878000000000001       1.141302961240399 
     0.879000000000001       1.161651916838540 
     0.880000000000001       1.161951370532702 
     0.881000000000001       1.162260883782732 
     0.882000000000001       1.162582997569551 
     0.883000000000001       1.183097009477251 
     0.884000000000001       1.183444269914570 
     0.885000000000001       1.183771887648021 
     0.886000000000001       1.184097880171933 
     0.887000000000001       1.184435568635305 
     0.888000000000001       1.184819186296295 
     0.889000000000001       1.185127715597982 
     0.890000000000001       1.205376306801195 
     0.891000000000001       1.205677571090582 
     0.892000000000001       1.205998887892896 
     0.893000000000001       1.206354849104947 
     0.894000000000001       1.226776394098348 
     0.895000000000001       1.227192007395203 
     0.896000000000001       1.227625599990155 
     0.897000000000001       1.228080087111113 
     0.898000000000001       1.228563992576614 
     0.899000000000001       1.229035262737924 
     0.900000000000001       1.249490468125341 
     0.901000000000001       1.249915487960294 
     0.902000000000001       1.250340278033299 
     0.903000000000001       1.250767498582384 
     0.904000000000001       1.251207835198230 
     0.905000000000001       1.271797696906969 
     0.906000000000001       1.272212428941099 
     0.907000000000001       1.272604995031415 
     0.908000000000001       1.272994252431918 
     0.909000000000001       1.273407101388123 
     0.910000000000001       1.273817878378015 
     0.911000000000001       1.294079011117802 
     0.912000000000001       1.294386822353886 
     0.913000000000001       1.294694535780728 
     0.914000000000001       1.295016045922168 
     0.915000000000001       1.315349923704620 
     0.916000000000001       1.315656279812377 
     0.917000000000001       1.315936359050369 
     0.918000000000001       1.316209944519954 
     0.919000000000001       1.316498468194457 
     0.920000000000001       1.316749034031808 
     0.921000000000001       1.337071166595457 
     0.922000000000001       1.337282946771847 
     0.923000000000001       1.337496762242765 
     0.924000000000001       1.337721823255144 
     0.925000000000001       1.358211035869580 
     0.926000000000001       1.358467449445222 
     0.927000000000001       1.358699038978692 
     0.928000000000001       1.358929970893318 
     0.929000000000001       1.359181058676707 
     0.930000000000001       1.359492439410463 
     0.931000000000001       1.379755923952992 
     0.932000000000001       1.379953132615288 
     0.933000000000001       1.380154420347090 
     0.934000000000001       1.380366076964620 
     0.935000000000001       1.400710652312330 
     0.936000000000001       1.400921358743869 
     0.937000000000001       1.401132776185666 
     0.938000000000001       1.401328604991271 
     0.939000000000001       1.401524436449051 
     0.940000000000001       1.401735878556906 
     0.941000000000001       1.401869416327955 
     0.942000000000001       1.422219517973833 
     0.943000000000001       1.422358337473593 
     0.944000000000001       1.422503496946455 
     0.945000000000001       1.422660977704908 
     0.946000000000001       1.443179862506284 
     0.947000000000001       1.443364077601306 
     0.948000000000001       1.443533485346631 
     0.949000000000001       1.443702902759178 
     0.950000000000001       1.443892495114500 
     0.951000000000001       1.444139349199112 
     0.952000000000001       1.464370652853869 
     0.953000000000001       1.464509230433443 
     0.954000000000001       1.464656595409625 
     0.955000000000001       1.464816291519838 
     0.956000000000001       1.464997048448655 
     0.957000000000001       1.485282407285268 
     0.958000000000001       1.485451017095620 
     0.959000000000001       1.485603160948038 
     0.960000000000001       1.485755839737056 
     0.961000000000001       1.485917037497124 
     0.962000000000001       1.486029246758228 
     0.963000000000001       1.506330136307085 
     0.964000000000001       1.506443789129797 
     0.965000000000001       1.506559876388518 
     0.966000000000001       1.506683421606560 
     0.967000000000001       1.506819013071748 
     0.968000000000001       1.527292664445472 
     0.969000000000001       1.527446154258186 
     0.970000000000001       1.527591301213207 
     0.971000000000001       1.527741703640519 
     0.972000000000001       1.527910000662690 
     0.973000000000001       1.528142802242929 
     0.974000000000001       1.528302217025107 
     0.975000000000001       1.548382209038166 
     0.976000000000001       1.548511011462473 
     0.977000000000001       1.548653875617983 
     0.978000000000001       1.548815158970694 
     0.979000000000001       1.568992145320646 
     0.980000000000001       1.569158714977924 
     0.981000000000001       1.569314186772633 
     0.982000000000001       1.569468694869119 
     0.983000000000001       1.569633521699924 
     0.984000000000001       1.569811000566784 
     0.985000000000001       1.569923555258171 
     0.986000000000001       1.590096857296967 
     0.987000000000001       1.590218938248928 
     0.988000000000001       1.590350892466553 
     0.989000000000001       1.590496129631443 
     0.990000000000001       1.590658861768986 
     0.991000000000001       1.611015683235941 
     0.992000000000001       1.611191300067315 
     0.993000000000001       1.611363489352527 
     0.994000000000001       1.611544480234247 
     0.995000000000001       1.611746570440772 
     0.996000000000001       1.612021238115936 
     0.997000000000001       1.612228382572301 
     0.998000000000001       1.632255640087088 
     0.999000000000001       1.632433466552964 
     1.000000000000000       1.632623291070093 
