#INST  CMOD   FORCE   
0.000000E+00          0.000000E+00              0.000000E+00 
1.000000E-03          3.489080E-03              1.429744E+02 
2.000000E-03          6.978328E-03              2.858668E+02 
3.000000E-03          1.046768E-02              4.287095E+02 
4.000000E-03          1.395714E-02              5.715701E+02 
5.000000E-03          1.744711E-02              7.142545E+02 
6.000000E-03          2.093805E-02              8.567961E+02 
7.000000E-03          2.442990E-02              9.991244E+02 
8.000000E-03          2.792289E-02              1.141182E+03 
9.000000E-03          3.141695E-02              1.282985E+03 
1.000000E-02          3.491211E-02              1.424521E+03 
1.100000E-02          3.840848E-02              1.565767E+03 
1.200000E-02          4.190586E-02              1.706775E+03 
1.300000E-02          4.540440E-02              1.847501E+03 
1.400000E-02          4.890419E-02              1.987923E+03 
1.500000E-02          5.240492E-02              2.128124E+03 
1.600000E-02          5.590693E-02              2.268012E+03 
1.700000E-02          5.941010E-02              2.407619E+03 
1.800000E-02          6.291446E-02              2.546935E+03 
1.900000E-02          6.642018E-02              2.685911E+03 
2.000000E-02          6.992715E-02              2.824578E+03 
2.100000E-02          7.343553E-02              2.962891E+03 
2.200000E-02          7.694533E-02              3.100843E+03 
2.300000E-02          8.045662E-02              3.238418E+03 
2.400000E-02          8.396945E-02              3.375596E+03 
2.500000E-02          8.748387E-02              3.512369E+03 
2.600000E-02          9.099990E-02              3.648723E+03 
2.700000E-02          9.451761E-02              3.784641E+03 
2.800000E-02          9.803698E-02              3.920127E+03 
2.900000E-02          1.015581E-01              4.055156E+03 
3.000000E-02          1.050810E-01              4.189722E+03 
3.100000E-02          1.086057E-01              4.323808E+03 
3.200000E-02          1.121322E-01              4.457407E+03 
3.300000E-02          1.156607E-01              4.590488E+03 
3.400000E-02          1.191910E-01              4.723062E+03 
3.500000E-02          1.227232E-01              4.855167E+03 
3.600000E-02          1.262575E-01              4.986687E+03 
3.700000E-02          1.297939E-01              5.117642E+03 
3.800000E-02          1.333320E-01              5.248137E+03 
3.900000E-02          1.368723E-01              5.378033E+03 
4.000000E-02          1.404147E-01              5.507364E+03 
4.100000E-02          1.439591E-01              5.636148E+03 
4.200000E-02          1.475058E-01              5.764321E+03 
4.300000E-02          1.510543E-01              5.891994E+03 
4.400000E-02          1.546047E-01              6.019122E+03 
4.500000E-02          1.581584E-01              6.145358E+03 
4.600000E-02          1.617153E-01              6.270694E+03 
4.700000E-02          1.652758E-01              6.395055E+03 
4.800000E-02          1.688410E-01              6.518110E+03 
4.900000E-02          1.724102E-01              6.640065E+03 
5.000000E-02          1.759841E-01              6.760684E+03 
5.100000E-02          1.795642E-01              6.879567E+03 
5.200000E-02          1.831491E-01              6.997138E+03 
5.300000E-02          1.867393E-01              7.113228E+03 
5.400000E-02          1.903357E-01              7.227577E+03 
5.500000E-02          1.939377E-01              7.340346E+03 
5.600000E-02          1.975451E-01              7.451639E+03 
5.700000E-02          2.011584E-01              7.561295E+03 
5.800000E-02          2.047780E-01              7.669113E+03 
5.900000E-02          2.084049E-01              7.774917E+03 
6.000000E-02          2.120372E-01              7.879179E+03 
6.100000E-02          2.156749E-01              7.981951E+03 
6.200000E-02          2.193203E-01              8.082524E+03 
6.300000E-02          2.229714E-01              8.181519E+03 
6.400000E-02          2.266281E-01              8.278906E+03 
6.500000E-02          2.302911E-01              8.374554E+03 
6.600000E-02          2.339611E-01              8.468232E+03 
6.700000E-02          2.376389E-01              8.559694E+03 
6.800000E-02          2.413228E-01              8.649419E+03 
6.900000E-02          2.450126E-01              8.737475E+03 
7.000000E-02          2.487090E-01              8.823712E+03 
7.100000E-02          2.524120E-01              8.908056E+03 
7.200000E-02          2.561215E-01              8.990562E+03 
7.300000E-02          2.598366E-01              9.071507E+03 
7.400000E-02          2.635576E-01              9.150802E+03 
7.500000E-02          2.672853E-01              9.227632E+03 
7.600000E-02          2.710189E-01              9.302431E+03 
7.700000E-02          2.747581E-01              9.375732E+03 
7.800000E-02          2.785049E-01              9.446925E+03 
7.900000E-02          2.822588E-01              9.516162E+03 
8.000000E-02          2.860183E-01              9.583862E+03 
8.100000E-02          2.897867E-01              9.649137E+03 
8.200000E-02          2.935636E-01              9.712121E+03 
8.300000E-02          2.973473E-01              9.773250E+03 
8.400000E-02          3.011406E-01              9.831788E+03 
8.500000E-02          3.049403E-01              9.888628E+03 
8.600000E-02          3.087537E-01              9.941812E+03 
8.700000E-02          3.125771E-01              9.992321E+03 
8.800000E-02          3.164247E-01              1.003635E+04 
8.900000E-02          3.202973E-01              1.007373E+04 
9.000000E-02          3.241804E-01              1.010828E+04 
9.100000E-02          3.280707E-01              1.014093E+04 
9.200000E-02          3.319655E-01              1.017239E+04 
9.300000E-02          3.358653E-01              1.020252E+04 
9.400000E-02          3.397710E-01              1.023109E+04 
9.500000E-02          3.436809E-01              1.025855E+04 
9.600000E-02          3.475935E-01              1.028526E+04 
9.700000E-02          3.515093E-01              1.031116E+04 
9.800000E-02          3.554279E-01              1.033632E+04 
9.900000E-02          3.593489E-01              1.036086E+04 
1.000000E-01          3.632719E-01              1.038487E+04 
1.010000E-01          3.671972E-01              1.040830E+04 
1.020000E-01          3.711253E-01              1.043099E+04 
1.030000E-01          3.750564E-01              1.045291E+04 
1.040000E-01          3.789890E-01              1.047445E+04 
1.050000E-01          3.829242E-01              1.049534E+04 
1.060000E-01          3.868611E-01              1.051579E+04 
1.070000E-01          3.907993E-01              1.053591E+04 
1.080000E-01          3.947389E-01              1.055565E+04 
1.090000E-01          3.986803E-01              1.057498E+04 
1.100000E-01          4.026227E-01              1.059405E+04 
1.110000E-01          4.065661E-01              1.061285E+04 
1.120000E-01          4.105107E-01              1.063137E+04 
1.130000E-01          4.144564E-01              1.064961E+04 
1.140000E-01          4.184035E-01              1.066750E+04 
1.150000E-01          4.223515E-01              1.068518E+04 
1.160000E-01          4.263007E-01              1.070257E+04 
1.170000E-01          4.302509E-01              1.071968E+04 
1.180000E-01          4.342021E-01              1.073658E+04 
1.190000E-01          4.381544E-01              1.075319E+04 
1.200000E-01          4.421075E-01              1.076959E+04 
1.210000E-01          4.460615E-01              1.078581E+04 
1.220000E-01          4.500162E-01              1.080185E+04 
1.230000E-01          4.539722E-01              1.081758E+04 
1.240000E-01          4.579291E-01              1.083310E+04 
1.250000E-01          4.618867E-01              1.084846E+04 
1.260000E-01          4.658449E-01              1.086367E+04 
1.270000E-01          4.698037E-01              1.087874E+04 
1.280000E-01          4.737632E-01              1.089368E+04 
1.290000E-01          4.777232E-01              1.090847E+04 
1.300000E-01          4.816840E-01              1.092310E+04 
1.310000E-01          4.856472E-01              1.093709E+04 
1.320000E-01          4.896127E-01              1.095048E+04 
1.330000E-01          4.935845E-01              1.096213E+04 
1.340000E-01          4.975605E-01              1.097264E+04 
1.350000E-01          5.015379E-01              1.098281E+04 
1.360000E-01          5.055128E-01              1.099368E+04 
1.370000E-01          5.094815E-01              1.100632E+04 
1.380000E-01          5.134469E-01              1.101993E+04 
1.390000E-01          5.174128E-01              1.103341E+04 
1.400000E-01          5.213815E-01              1.104616E+04 
1.410000E-01          5.253567E-01              1.105709E+04 
1.420000E-01          5.293383E-01              1.106627E+04 
1.430000E-01          5.333216E-01              1.107502E+04 
1.440000E-01          5.373038E-01              1.108409E+04 
1.450000E-01          5.412808E-01              1.109466E+04 
1.460000E-01          5.452529E-01              1.110661E+04 
1.470000E-01          5.492246E-01              1.111871E+04 
1.480000E-01          5.531972E-01              1.113061E+04 
1.490000E-01          5.571699E-01              1.114249E+04 
1.500000E-01          5.611468E-01              1.115323E+04 
1.510000E-01          5.651367E-01              1.116033E+04 
1.520000E-01          5.691390E-01              1.116394E+04 
1.530000E-01          5.731441E-01              1.116677E+04 
1.540000E-01          5.771311E-01              1.117480E+04 
1.550000E-01          5.811036E-01              1.118701E+04 
1.560000E-01          5.850781E-01              1.119864E+04 
1.570000E-01          5.890601E-01              1.120813E+04 
1.580000E-01          5.930592E-01              1.121279E+04 
1.590000E-01          5.970659E-01              1.121532E+04 
1.600000E-01          6.010472E-01              1.122516E+04 
1.610000E-01          6.050217E-01              1.123695E+04 
1.620000E-01          6.089995E-01              1.124787E+04 
1.630000E-01          6.129794E-01              1.125823E+04 
1.640000E-01          6.169614E-01              1.126805E+04 
1.650000E-01          6.209454E-01              1.127734E+04 
1.660000E-01          6.249298E-01              1.128654E+04 
1.670000E-01          6.289122E-01              1.129633E+04 
1.680000E-01          6.328935E-01              1.130648E+04 
1.690000E-01          6.368774E-01              1.131590E+04 
1.700000E-01          6.408658E-01              1.132407E+04 
1.710000E-01          6.448620E-01              1.133004E+04 
1.720000E-01          6.488631E-01              1.133468E+04 
1.730000E-01          6.528642E-01              1.133936E+04 
1.740000E-01          6.568629E-01              1.134478E+04 
1.750000E-01          6.608513E-01              1.135314E+04 
1.760000E-01          6.648329E-01              1.136347E+04 
1.770000E-01          6.688144E-01              1.137385E+04 
1.780000E-01          6.728038E-01              1.138202E+04 
1.790000E-01          6.768031E-01              1.138742E+04 
1.800000E-01          6.808104E-01              1.139055E+04 
1.810000E-01          6.848188E-01              1.139338E+04 
1.820000E-01          6.888217E-01              1.139781E+04 
1.830000E-01          6.928168E-01              1.140452E+04 
1.840000E-01          6.968048E-01              1.141327E+04 
1.850000E-01          7.007932E-01              1.142198E+04 
1.860000E-01          7.047912E-01              1.142795E+04 
1.870000E-01          7.088029E-01              1.143006E+04 
1.880000E-01          7.128137E-01              1.143246E+04 
1.890000E-01          7.168076E-01              1.143975E+04 
1.900000E-01          7.207972E-01              1.144827E+04 
1.910000E-01          7.247928E-01              1.145511E+04 
1.920000E-01          7.287979E-01              1.145926E+04 
1.930000E-01          7.328088E-01              1.146180E+04 
1.940000E-01          7.368190E-01              1.146454E+04 
1.950000E-01          7.408193E-01              1.147019E+04 
1.960000E-01          7.448177E-01              1.147641E+04 
1.970000E-01          7.488405E-01              1.147562E+04 
1.980000E-01          7.528798E-01              1.147004E+04 
1.990000E-01          7.568879E-01              1.147365E+04 
2.000000E-01          7.608888E-01              1.147931E+04 
2.010000E-01          7.649017E-01              1.148151E+04 
2.020000E-01          7.689378E-01              1.147702E+04 
2.030000E-01          7.729762E-01              1.147187E+04 
2.040000E-01          7.769960E-01              1.147220E+04 
2.050000E-01          7.810280E-01              1.146899E+04 
2.060000E-01          7.850784E-01              1.146045E+04 
2.070000E-01          7.891082E-01              1.145793E+04 
2.080000E-01          7.931359E-01              1.145609E+04 
2.090000E-01          7.971688E-01              1.145273E+04 
2.100000E-01          8.012095E-01              1.144713E+04 
2.110000E-01          8.052603E-01              1.143861E+04 
2.120000E-01          8.093231E-01              1.142663E+04 
2.130000E-01          8.133824E-01              1.141573E+04 
2.140000E-01          8.174451E-01              1.140385E+04 
2.150000E-01          8.215073E-01              1.139215E+04 
2.160000E-01          8.255730E-01              1.137948E+04 
2.170000E-01          8.296393E-01              1.136665E+04 
2.180000E-01          8.337059E-01              1.135378E+04 
2.190000E-01          8.377745E-01              1.134038E+04 
2.200000E-01          8.418394E-01              1.132808E+04 
2.210000E-01          8.459063E-01              1.131521E+04 
2.220000E-01          8.499717E-01              1.130285E+04 
2.230000E-01          8.540337E-01              1.129150E+04 
2.240000E-01          8.580983E-01              1.127942E+04 
2.250000E-01          8.621631E-01              1.126733E+04 
2.260000E-01          8.662260E-01              1.125582E+04 
2.270000E-01          8.702887E-01              1.124442E+04 
2.280000E-01          8.743542E-01              1.123221E+04 
2.290000E-01          8.784183E-01              1.122046E+04 
2.300000E-01          8.824790E-01              1.120974E+04 
2.310000E-01          8.865440E-01              1.119781E+04 
2.320000E-01          8.906084E-01              1.118609E+04 
2.330000E-01          8.946708E-01              1.117498E+04 
2.340000E-01          8.987340E-01              1.116369E+04 
2.350000E-01          9.028004E-01              1.115149E+04 
2.360000E-01          9.068660E-01              1.113958E+04 
2.370000E-01          9.109278E-01              1.112876E+04 
2.380000E-01          9.149934E-01              1.111693E+04 
2.390000E-01          9.190600E-01              1.110481E+04 
2.400000E-01          9.231259E-01              1.109295E+04 
2.410000E-01          9.271894E-01              1.108181E+04 
2.420000E-01          9.312575E-01              1.106937E+04 
2.430000E-01          9.353248E-01              1.105723E+04 
2.440000E-01          9.393902E-01              1.104564E+04 
2.450000E-01          9.434562E-01              1.103391E+04 
2.460000E-01          9.475263E-01              1.102106E+04 
2.470000E-01          9.515952E-01              1.100858E+04 
2.480000E-01          9.556611E-01              1.099699E+04 
2.490000E-01          9.597298E-01              1.098463E+04 
2.500000E-01          9.638006E-01              1.097172E+04 
2.510000E-01          9.678713E-01              1.095886E+04 
2.520000E-01          9.719381E-01              1.094716E+04 
2.530000E-01          9.760094E-01              1.093421E+04 
2.540000E-01          9.800807E-01              1.092130E+04 
2.550000E-01          9.841506E-01              1.090880E+04 
2.560000E-01          9.882198E-01              1.089654E+04 
2.570000E-01          9.922936E-01              1.088302E+04 
2.580000E-01          9.963655E-01              1.087007E+04 
2.590000E-01          1.000435E+00              1.085785E+04 
2.600000E-01          1.004506E+00              1.084509E+04 
2.610000E-01          1.008580E+00              1.083165E+04 
2.620000E-01          1.012654E+00              1.081825E+04 
2.630000E-01          1.016724E+00              1.080615E+04 
2.640000E-01          1.020797E+00              1.079289E+04 
2.650000E-01          1.024872E+00              1.077956E+04 
2.660000E-01          1.028944E+00              1.076657E+04 
2.670000E-01          1.033016E+00              1.075404E+04 
2.680000E-01          1.037092E+00              1.074015E+04 
2.690000E-01          1.041166E+00              1.072700E+04 
2.700000E-01          1.045238E+00              1.071441E+04 
2.710000E-01          1.049312E+00              1.070149E+04 
2.720000E-01          1.053388E+00              1.068771E+04 
2.730000E-01          1.057464E+00              1.067412E+04 
2.740000E-01          1.061536E+00              1.066160E+04 
2.750000E-01          1.065612E+00              1.064814E+04 
2.760000E-01          1.069689E+00              1.063444E+04 
2.770000E-01          1.073765E+00              1.062095E+04 
2.780000E-01          1.077838E+00              1.060818E+04 
2.790000E-01          1.081917E+00              1.059410E+04 
2.800000E-01          1.085993E+00              1.058051E+04 
2.810000E-01          1.090069E+00              1.056741E+04 
2.820000E-01          1.094144E+00              1.055418E+04 
2.830000E-01          1.098224E+00              1.053995E+04 
2.840000E-01          1.102302E+00              1.052600E+04 
2.850000E-01          1.106378E+00              1.051298E+04 
2.860000E-01          1.110456E+00              1.049914E+04 
2.870000E-01          1.114536E+00              1.048496E+04 
2.880000E-01          1.118615E+00              1.047095E+04 
2.890000E-01          1.122691E+00              1.045772E+04 
2.900000E-01          1.126773E+00              1.044318E+04 
2.910000E-01          1.130852E+00              1.042917E+04 
2.920000E-01          1.134930E+00              1.041563E+04 
2.930000E-01          1.139009E+00              1.040187E+04 
2.940000E-01          1.143091E+00              1.038724E+04 
2.950000E-01          1.147173E+00              1.037275E+04 
2.960000E-01          1.151251E+00              1.035934E+04 
2.970000E-01          1.155333E+00              1.034494E+04 
2.980000E-01          1.159414E+00              1.033048E+04 
2.990000E-01          1.163496E+00              1.031630E+04 
3.000000E-01          1.167575E+00              1.030254E+04 
3.010000E-01          1.171660E+00              1.028754E+04 
3.020000E-01          1.175742E+00              1.027308E+04 
3.030000E-01          1.179822E+00              1.025930E+04 
3.040000E-01          1.183904E+00              1.024493E+04 
3.050000E-01          1.187989E+00              1.023009E+04 
3.060000E-01          1.192073E+00              1.021533E+04 
3.070000E-01          1.196153E+00              1.020154E+04 
3.080000E-01          1.200239E+00              1.018645E+04 
3.090000E-01          1.204322E+00              1.017186E+04 
3.100000E-01          1.208404E+00              1.015775E+04 
3.110000E-01          1.212488E+00              1.014339E+04 
3.120000E-01          1.216573E+00              1.012827E+04 
3.130000E-01          1.220659E+00              1.011319E+04 
3.140000E-01          1.224741E+00              1.009932E+04 
3.150000E-01          1.228827E+00              1.008434E+04 
3.160000E-01          1.232912E+00              1.006954E+04 
3.170000E-01          1.236996E+00              1.005508E+04 
3.180000E-01          1.241080E+00              1.004075E+04 
3.190000E-01          1.245168E+00              1.002541E+04 
3.200000E-01          1.249254E+00              1.001037E+04 
3.210000E-01          1.253338E+00              9.996257E+03 
3.220000E-01          1.257424E+00              9.981314E+03 
3.230000E-01          1.261511E+00              9.966280E+03 
3.240000E-01          1.265597E+00              9.951476E+03 
3.250000E-01          1.269682E+00              9.937139E+03 
3.260000E-01          1.273771E+00              9.921616E+03 
3.270000E-01          1.277858E+00              9.906589E+03 
3.280000E-01          1.281943E+00              9.892277E+03 
3.290000E-01          1.286030E+00              9.877339E+03 
3.300000E-01          1.290119E+00              9.862072E+03 
3.310000E-01          1.294207E+00              9.846918E+03 
3.320000E-01          1.298293E+00              9.832536E+03 
3.330000E-01          1.302383E+00              9.816867E+03 
3.340000E-01          1.306471E+00              9.801810E+03 
3.350000E-01          1.310558E+00              9.787314E+03 
3.360000E-01          1.314646E+00              9.772376E+03 
3.370000E-01          1.318736E+00              9.756938E+03 
3.380000E-01          1.322826E+00              9.741522E+03 
3.390000E-01          1.326912E+00              9.727102E+03 
3.400000E-01          1.331003E+00              9.711470E+03 
3.410000E-01          1.335093E+00              9.696276E+03 
3.420000E-01          1.339181E+00              9.681552E+03 
3.430000E-01          1.343270E+00              9.666599E+03 
3.440000E-01          1.347361E+00              9.651015E+03 
3.450000E-01          1.351452E+00              9.635406E+03 
3.460000E-01          1.355540E+00              9.620962E+03 
3.470000E-01          1.359632E+00              9.605349E+03 
3.480000E-01          1.363722E+00              9.590042E+03 
3.490000E-01          1.367812E+00              9.575142E+03 
3.500000E-01          1.371902E+00              9.560148E+03 
3.510000E-01          1.375994E+00              9.544446E+03 
3.520000E-01          1.380086E+00              9.528780E+03 
3.530000E-01          1.384175E+00              9.514225E+03 
3.540000E-01          1.388268E+00              9.498610E+03 
3.550000E-01          1.392359E+00              9.483198E+03 
3.560000E-01          1.396450E+00              9.468140E+03 
3.570000E-01          1.400541E+00              9.453113E+03 
3.580000E-01          1.404635E+00              9.437318E+03 
3.590000E-01          1.408728E+00              9.421626E+03 
3.600000E-01          1.412818E+00              9.406968E+03 
3.610000E-01          1.416911E+00              9.391329E+03 
3.620000E-01          1.421004E+00              9.375826E+03 
3.630000E-01          1.425096E+00              9.360645E+03 
3.640000E-01          1.429188E+00              9.345572E+03 
3.650000E-01          1.433282E+00              9.329703E+03 
3.660000E-01          1.437376E+00              9.313986E+03 
3.670000E-01          1.441467E+00              9.299249E+03 
3.680000E-01          1.445561E+00              9.283589E+03 
3.690000E-01          1.449655E+00              9.268024E+03 
3.700000E-01          1.453749E+00              9.252755E+03 
3.710000E-01          1.457841E+00              9.237658E+03 
3.720000E-01          1.461937E+00              9.221741E+03 
3.730000E-01          1.466032E+00              9.206007E+03 
3.740000E-01          1.470124E+00              9.191203E+03 
3.750000E-01          1.474219E+00              9.175514E+03 
3.760000E-01          1.478314E+00              9.159883E+03 
3.770000E-01          1.482408E+00              9.144547E+03 
3.780000E-01          1.486501E+00              9.129378E+03 
3.790000E-01          1.490598E+00              9.113406E+03 
3.800000E-01          1.494694E+00              9.097623E+03 
3.810000E-01          1.498787E+00              9.082751E+03 
3.820000E-01          1.502883E+00              9.067005E+03 
3.830000E-01          1.506979E+00              9.051317E+03 
3.840000E-01          1.511074E+00              9.035910E+03 
3.850000E-01          1.515168E+00              9.020710E+03 
3.860000E-01          1.519266E+00              9.004712E+03 
3.870000E-01          1.523363E+00              8.988895E+03 
3.880000E-01          1.527456E+00              8.973990E+03 
3.890000E-01          1.531553E+00              8.958216E+03 
3.900000E-01          1.535650E+00              8.942515E+03 
3.910000E-01          1.539746E+00              8.927111E+03 
3.920000E-01          1.543841E+00              8.911894E+03 
3.930000E-01          1.547939E+00              8.895918E+03 
3.940000E-01          1.552037E+00              8.880106E+03 
3.950000E-01          1.556132E+00              8.865220E+03 
3.960000E-01          1.560229E+00              8.849450E+03 
3.970000E-01          1.564327E+00              8.833777E+03 
3.980000E-01          1.568423E+00              8.818400E+03 
3.990000E-01          1.572519E+00              8.803203E+03 
4.000000E-01          1.576618E+00              8.787261E+03 
4.010000E-01          1.580716E+00              8.771480E+03 
4.020000E-01          1.584812E+00              8.756606E+03 
4.030000E-01          1.588910E+00              8.740872E+03 
4.040000E-01          1.593008E+00              8.725221E+03 
4.050000E-01          1.597105E+00              8.709864E+03 
4.060000E-01          1.601202E+00              8.694683E+03 
4.070000E-01          1.605301E+00              8.678759E+03 
4.080000E-01          1.609400E+00              8.663012E+03 
4.090000E-01          1.613496E+00              8.648139E+03 
4.100000E-01          1.617595E+00              8.632431E+03 
4.110000E-01          1.621694E+00              8.616784E+03 
4.120000E-01          1.625792E+00              8.601419E+03 
4.130000E-01          1.629890E+00              8.586260E+03 
4.140000E-01          1.633990E+00              8.570349E+03 
4.150000E-01          1.638089E+00              8.554636E+03 
4.160000E-01          1.642186E+00              8.539755E+03 
4.170000E-01          1.646286E+00              8.524093E+03 
4.180000E-01          1.650385E+00              8.508459E+03 
4.190000E-01          1.654484E+00              8.493085E+03 
4.200000E-01          1.658582E+00              8.477975E+03 
4.210000E-01          1.662683E+00              8.462090E+03 
4.220000E-01          1.666783E+00              8.446423E+03 
4.230000E-01          1.670880E+00              8.431557E+03 
4.240000E-01          1.674981E+00              8.415945E+03 
4.250000E-01          1.679081E+00              8.400335E+03 
4.260000E-01          1.683180E+00              8.384959E+03 
4.270000E-01          1.687279E+00              8.369903E+03 
4.280000E-01          1.691381E+00              8.354042E+03 
4.290000E-01          1.695481E+00              8.338447E+03 
4.300000E-01          1.699579E+00              8.323600E+03 
4.310000E-01          1.703680E+00              8.308071E+03 
4.320000E-01          1.707781E+00              8.292493E+03 
4.330000E-01          1.711881E+00              8.277117E+03 
4.340000E-01          1.715980E+00              8.262139E+03 
4.350000E-01          1.720082E+00              8.246309E+03 
4.360000E-01          1.724183E+00              8.230813E+03 
4.370000E-01          1.728282E+00              8.215993E+03 
4.380000E-01          1.732383E+00              8.200562E+03 
4.390000E-01          1.736485E+00              8.185022E+03 
4.400000E-01          1.740586E+00              8.169617E+03 
4.410000E-01          1.744685E+00              8.154724E+03 
4.420000E-01          1.748788E+00              8.138908E+03 
4.430000E-01          1.752890E+00              8.123506E+03 
4.440000E-01          1.756989E+00              8.108686E+03 
4.450000E-01          1.761090E+00              8.093358E+03 
4.460000E-01          1.765193E+00              8.077829E+03 
4.470000E-01          1.769295E+00              8.062401E+03 
4.480000E-01          1.773394E+00              8.047600E+03 
4.490000E-01          1.777498E+00              8.031800E+03 
4.500000E-01          1.781600E+00              8.016509E+03 
4.510000E-01          1.785700E+00              8.001703E+03 
4.520000E-01          1.789802E+00              7.986502E+03 
4.530000E-01          1.793905E+00              7.971013E+03 
4.540000E-01          1.798007E+00              7.955570E+03 
4.550000E-01          1.802107E+00              7.940891E+03 
4.560000E-01          1.806211E+00              7.925265E+03 
4.570000E-01          1.810313E+00              7.910017E+03 
4.580000E-01          1.814414E+00              7.895196E+03 
4.590000E-01          1.818516E+00              7.880122E+03 
4.600000E-01          1.822620E+00              7.864669E+03 
4.610000E-01          1.826723E+00              7.849196E+03 
4.620000E-01          1.830824E+00              7.834648E+03 
4.630000E-01          1.834928E+00              7.819201E+03 
4.640000E-01          1.839031E+00              7.803992E+03 
4.650000E-01          1.843133E+00              7.789111E+03 
4.660000E-01          1.847235E+00              7.774184E+03 
4.670000E-01          1.851339E+00              7.758745E+03 
4.680000E-01          1.855443E+00              7.743341E+03 
4.690000E-01          1.859544E+00              7.728830E+03 
4.700000E-01          1.863648E+00              7.713528E+03 
4.710000E-01          1.867752E+00              7.698319E+03 
4.720000E-01          1.871855E+00              7.683359E+03 
4.730000E-01          1.875957E+00              7.668548E+03 
4.740000E-01          1.880062E+00              7.653104E+03 
4.750000E-01          1.884166E+00              7.637834E+03 
4.760000E-01          1.888268E+00              7.623320E+03 
4.770000E-01          1.892372E+00              7.608158E+03 
4.780000E-01          1.896477E+00              7.592959E+03 
4.790000E-01          1.900580E+00              7.577934E+03 
4.800000E-01          1.904683E+00              7.563277E+03 
4.810000E-01          1.908789E+00              7.547862E+03 
4.820000E-01          1.912893E+00              7.532763E+03 
4.830000E-01          1.916995E+00              7.518284E+03 
4.840000E-01          1.921100E+00              7.503307E+03 
4.850000E-01          1.925205E+00              7.488170E+03 
4.860000E-01          1.929309E+00              7.473085E+03 
4.870000E-01          1.933412E+00              7.458634E+03 
4.880000E-01          1.937518E+00              7.443292E+03 
4.890000E-01          1.941622E+00              7.428409E+03 
4.900000E-01          1.945725E+00              7.413980E+03 
4.910000E-01          1.949829E+00              7.399222E+03 
4.920000E-01          1.953935E+00              7.384132E+03 
4.930000E-01          1.958041E+00              7.369013E+03 
4.940000E-01          1.962143E+00              7.354783E+03 
4.950000E-01          1.966249E+00              7.339743E+03 
4.960000E-01          1.970354E+00              7.324917E+03 
4.970000E-01          1.974458E+00              7.310412E+03 
4.980000E-01          1.978562E+00              7.295903E+03 
4.990000E-01          1.982668E+00              7.280836E+03 
5.000000E-01          1.986773E+00              7.265893E+03 
5.010000E-01          1.990877E+00              7.251695E+03 
5.020000E-01          1.994982E+00              7.236870E+03 
5.030000E-01          1.999088E+00              7.222040E+03 
5.040000E-01          2.003193E+00              7.207367E+03 
5.050000E-01          2.007297E+00              7.193076E+03 
5.060000E-01          2.011404E+00              7.178021E+03 
5.070000E-01          2.015509E+00              7.163328E+03 
5.080000E-01          2.019613E+00              7.149159E+03 
5.090000E-01          2.023718E+00              7.134606E+03 
5.100000E-01          2.027825E+00              7.119778E+03 
5.110000E-01          2.031931E+00              7.104962E+03 
5.120000E-01          2.036035E+00              7.090936E+03 
5.130000E-01          2.040141E+00              7.076121E+03 
5.140000E-01          2.044247E+00              7.061572E+03 
5.150000E-01          2.048352E+00              7.047332E+03 
5.160000E-01          2.052457E+00              7.033068E+03 
5.170000E-01          2.056564E+00              7.018272E+03 
5.180000E-01          2.060670E+00              7.003614E+03 
5.190000E-01          2.064774E+00              6.989655E+03 
5.200000E-01          2.068881E+00              6.975147E+03 
5.210000E-01          2.072987E+00              6.960610E+03 
5.220000E-01          2.077093E+00              6.946191E+03 
5.230000E-01          2.081198E+00              6.932233E+03 
5.240000E-01          2.085305E+00              6.917477E+03 
5.250000E-01          2.089411E+00              6.903110E+03 
5.260000E-01          2.093516E+00              6.889139E+03 
5.270000E-01          2.097622E+00              6.874952E+03 
5.280000E-01          2.101729E+00              6.860377E+03 
5.290000E-01          2.105836E+00              6.845831E+03 
5.300000E-01          2.109941E+00              6.832117E+03 
5.310000E-01          2.114048E+00              6.817745E+03 
5.320000E-01          2.118154E+00              6.803463E+03 
5.330000E-01          2.122260E+00              6.789354E+03 
5.340000E-01          2.126365E+00              6.775530E+03 
5.350000E-01          2.130473E+00              6.760972E+03 
5.360000E-01          2.134580E+00              6.746784E+03 
5.370000E-01          2.138685E+00              6.733047E+03 
5.380000E-01          2.142791E+00              6.719030E+03 
5.390000E-01          2.146899E+00              6.704713E+03 
5.400000E-01          2.151006E+00              6.690377E+03 
5.410000E-01          2.155111E+00              6.676909E+03 
5.420000E-01          2.159218E+00              6.662760E+03 
5.430000E-01          2.163325E+00              6.648694E+03 
5.440000E-01          2.167431E+00              6.634780E+03 
5.450000E-01          2.171537E+00              6.621151E+03 
5.460000E-01          2.175645E+00              6.606787E+03 
5.470000E-01          2.179752E+00              6.592815E+03 
5.480000E-01          2.183858E+00              6.579262E+03 
5.490000E-01          2.187964E+00              6.565464E+03 
5.500000E-01          2.192072E+00              6.551330E+03 
5.510000E-01          2.196180E+00              6.537216E+03 
5.520000E-01          2.200285E+00              6.523885E+03 
5.530000E-01          2.204393E+00              6.509942E+03 
5.540000E-01          2.208500E+00              6.496002E+03 
5.550000E-01          2.212608E+00              6.482127E+03 
5.560000E-01          2.216714E+00              6.468662E+03 
5.570000E-01          2.220822E+00              6.454481E+03 
5.580000E-01          2.224930E+00              6.440616E+03 
5.590000E-01          2.229037E+00              6.427102E+03 
5.600000E-01          2.233144E+00              6.413451E+03 
5.610000E-01          2.237252E+00              6.399382E+03 
5.620000E-01          2.241361E+00              6.385417E+03 
5.630000E-01          2.245467E+00              6.372133E+03 
5.640000E-01          2.249575E+00              6.358342E+03 
5.650000E-01          2.253683E+00              6.344471E+03 
5.660000E-01          2.257792E+00              6.330630E+03 
5.670000E-01          2.261898E+00              6.317315E+03 
5.680000E-01          2.266007E+00              6.303340E+03 
5.690000E-01          2.270116E+00              6.289593E+03 
5.700000E-01          2.274223E+00              6.276147E+03 
5.710000E-01          2.278330E+00              6.262682E+03 
5.720000E-01          2.282440E+00              6.248737E+03 
5.730000E-01          2.286548E+00              6.234990E+03 
5.740000E-01          2.290655E+00              6.221844E+03 
5.750000E-01          2.294763E+00              6.208283E+03 
5.760000E-01          2.298872E+00              6.194569E+03 
5.770000E-01          2.302981E+00              6.180843E+03 
5.780000E-01          2.307088E+00              6.167806E+03 
5.790000E-01          2.311197E+00              6.154162E+03 
5.800000E-01          2.315305E+00              6.140628E+03 
5.810000E-01          2.319413E+00              6.127287E+03 
5.820000E-01          2.323521E+00              6.114141E+03 
5.830000E-01          2.327631E+00              6.100376E+03 
5.840000E-01          2.331739E+00              6.086972E+03 
5.850000E-01          2.335846E+00              6.073998E+03 
5.860000E-01          2.339954E+00              6.060807E+03 
5.870000E-01          2.344064E+00              6.047286E+03 
5.880000E-01          2.348173E+00              6.033832E+03 
5.890000E-01          2.352279E+00              6.021054E+03 
5.900000E-01          2.356388E+00              6.007803E+03 
5.910000E-01          2.360497E+00              5.994452E+03 
5.920000E-01          2.364606E+00              5.981106E+03 
5.930000E-01          2.368713E+00              5.968367E+03 
5.940000E-01          2.372822E+00              5.955048E+03 
5.950000E-01          2.376931E+00              5.941856E+03 
5.960000E-01          2.381039E+00              5.928855E+03 
5.970000E-01          2.385147E+00              5.916049E+03 
5.980000E-01          2.389257E+00              5.902614E+03 
5.990000E-01          2.393366E+00              5.889570E+03 
6.000000E-01          2.397473E+00              5.876886E+03 
6.010000E-01          2.401581E+00              5.864052E+03 
6.020000E-01          2.405691E+00              5.850785E+03 
6.030000E-01          2.409800E+00              5.837690E+03 
6.040000E-01          2.413908E+00              5.825125E+03 
6.050000E-01          2.418016E+00              5.812218E+03 
6.060000E-01          2.422126E+00              5.799091E+03 
6.070000E-01          2.426236E+00              5.785952E+03 
6.080000E-01          2.430343E+00              5.773510E+03 
6.090000E-01          2.434453E+00              5.760565E+03 
6.100000E-01          2.438562E+00              5.747597E+03 
6.110000E-01          2.442671E+00              5.734659E+03 
6.120000E-01          2.446779E+00              5.722205E+03 
6.130000E-01          2.450889E+00              5.709200E+03 
6.140000E-01          2.454998E+00              5.696365E+03 
6.150000E-01          2.459107E+00              5.683740E+03 
6.160000E-01          2.463215E+00              5.671257E+03 
6.170000E-01          2.467326E+00              5.658172E+03 
6.180000E-01          2.471435E+00              5.645434E+03 
6.190000E-01          2.475544E+00              5.633011E+03 
6.200000E-01          2.479653E+00              5.620482E+03 
6.210000E-01          2.483763E+00              5.607492E+03 
6.220000E-01          2.487873E+00              5.594707E+03 
6.230000E-01          2.491981E+00              5.582377E+03 
6.240000E-01          2.496091E+00              5.569772E+03 
6.250000E-01          2.500201E+00              5.556889E+03 
6.260000E-01          2.504312E+00              5.544063E+03 
6.270000E-01          2.508420E+00              5.531805E+03 
6.280000E-01          2.512530E+00              5.519157E+03 
6.290000E-01          2.516641E+00              5.506423E+03 
6.300000E-01          2.520751E+00              5.493680E+03 
6.310000E-01          2.524860E+00              5.481509E+03 
6.320000E-01          2.528970E+00              5.468860E+03 
6.330000E-01          2.533081E+00              5.456236E+03 
6.340000E-01          2.537191E+00              5.443765E+03 
6.350000E-01          2.541300E+00              5.431576E+03 
6.360000E-01          2.545411E+00              5.418870E+03 
6.370000E-01          2.549521E+00              5.406352E+03 
6.380000E-01          2.553630E+00              5.394106E+03 
6.390000E-01          2.557740E+00              5.381901E+03 
6.400000E-01          2.561851E+00              5.369151E+03 
6.410000E-01          2.565962E+00              5.356739E+03 
6.420000E-01          2.570071E+00              5.344660E+03 
6.430000E-01          2.574181E+00              5.332455E+03 
6.440000E-01          2.578292E+00              5.319854E+03 
6.450000E-01          2.582403E+00              5.307452E+03 
6.460000E-01          2.586512E+00              5.295516E+03 
6.470000E-01          2.590622E+00              5.283327E+03 
6.472500E-01          2.591684E+00              5.270766E+03 
6.475000E-01          2.592733E+00              5.261825E+03 
6.477500E-01          2.593775E+00              5.254865E+03 
6.480000E-01          2.594811E+00              5.249315E+03 
6.490000E-01          2.598890E+00              5.245789E+03 
6.492500E-01          2.599938E+00              5.237284E+03 
6.495000E-01          2.600979E+00              5.230578E+03 
6.497500E-01          2.602016E+00              5.224857E+03 
6.500000E-01          2.603051E+00              5.219701E+03 
6.510000E-01          2.607130E+00              5.216121E+03 
6.512500E-01          2.608178E+00              5.207645E+03 
6.515000E-01          2.609219E+00              5.200868E+03 
6.517500E-01          2.610256E+00              5.195159E+03 
6.520000E-01          2.611291E+00              5.190165E+03 
6.530000E-01          2.615370E+00              5.186599E+03 
6.532500E-01          2.616418E+00              5.177877E+03 
6.535000E-01          2.617461E+00              5.170701E+03 
6.537500E-01          2.618500E+00              5.164521E+03 
6.540000E-01          2.619536E+00              5.159175E+03 
6.550000E-01          2.623618E+00              5.155132E+03 
6.552500E-01          2.624667E+00              5.146023E+03 
6.555000E-01          2.625710E+00              5.138878E+03 
6.557500E-01          2.626748E+00              5.132829E+03 
6.560000E-01          2.627785E+00              5.127267E+03 
6.570000E-01          2.631868E+00              5.122870E+03 
6.572500E-01          2.632918E+00              5.113619E+03 
6.575000E-01          2.633962E+00              5.106146E+03 
6.577500E-01          2.635002E+00              5.099704E+03 
6.580000E-01          2.636039E+00              5.094095E+03 
6.590000E-01          2.640122E+00              5.089859E+03 
6.600000E-01          2.644221E+00              5.080983E+03 
6.602500E-01          2.645279E+00              5.069493E+03 
6.605000E-01          2.646328E+00              5.060718E+03 
6.607500E-01          2.647371E+00              5.053465E+03 
6.610000E-01          2.648410E+00              5.047432E+03 
6.612500E-01          2.649446E+00              5.042080E+03 
6.615000E-01          2.650481E+00              5.037091E+03 
6.617500E-01          2.651515E+00              5.032229E+03 
6.620000E-01          2.652549E+00              5.027415E+03 
6.622500E-01          2.653583E+00              5.022666E+03 
6.625000E-01          2.654617E+00              5.018179E+03 
6.627500E-01          2.655649E+00              5.013831E+03 
6.630000E-01          2.656682E+00              5.009418E+03 
6.632500E-01          2.657715E+00              5.004961E+03 
6.635000E-01          2.658747E+00              5.000657E+03 
6.637500E-01          2.659780E+00              4.996441E+03 
6.640000E-01          2.660812E+00              4.992278E+03 
6.642500E-01          2.661844E+00              4.988089E+03 
6.645000E-01          2.662876E+00              4.983773E+03 
6.647500E-01          2.663909E+00              4.979358E+03 
6.650000E-01          2.664942E+00              4.974876E+03 
6.652500E-01          2.665975E+00              4.970545E+03 
6.655000E-01          2.667007E+00              4.966305E+03 
6.657500E-01          2.668039E+00              4.962017E+03 
6.660000E-01          2.669072E+00              4.957645E+03 
6.670000E-01          2.673152E+00              4.954210E+03 
6.672500E-01          2.674199E+00              4.946027E+03 
6.675000E-01          2.675240E+00              4.939255E+03 
6.677500E-01          2.676279E+00              4.933241E+03 
6.680000E-01          2.677316E+00              4.927765E+03 
6.690000E-01          2.681399E+00              4.923446E+03 
6.700000E-01          2.685498E+00              4.914944E+03 
6.710000E-01          2.689604E+00              4.904450E+03 
6.720000E-01          2.693716E+00              4.892506E+03 
6.730000E-01          2.697828E+00              4.880256E+03 
6.740000E-01          2.701939E+00              4.868458E+03 
6.750000E-01          2.706052E+00              4.856327E+03 
6.760000E-01          2.710163E+00              4.844581E+03 
6.770000E-01          2.714272E+00              4.833319E+03 
6.780000E-01          2.718380E+00              4.822481E+03 
6.790000E-01          2.722490E+00              4.811228E+03 
6.800000E-01          2.726597E+00              4.800539E+03 
6.810000E-01          2.730704E+00              4.790141E+03 
6.820000E-01          2.734809E+00              4.780093E+03 
6.830000E-01          2.738916E+00              4.769721E+03 
6.840000E-01          2.743023E+00              4.759318E+03 
6.850000E-01          2.747130E+00              4.748990E+03 
6.860000E-01          2.751235E+00              4.739222E+03 
6.870000E-01          2.755340E+00              4.729396E+03 
6.880000E-01          2.759447E+00              4.718976E+03 
6.890000E-01          2.763553E+00              4.708995E+03 
6.900000E-01          2.767659E+00              4.699106E+03 
6.910000E-01          2.771763E+00              4.689560E+03 
6.920000E-01          2.775869E+00              4.679650E+03 
6.930000E-01          2.779976E+00              4.669519E+03 
6.940000E-01          2.784082E+00              4.659541E+03 
6.950000E-01          2.788187E+00              4.649858E+03 
6.960000E-01          2.792293E+00              4.640228E+03 
6.970000E-01          2.796400E+00              4.629993E+03 
6.980000E-01          2.800507E+00              4.619889E+03 
6.990000E-01          2.804615E+00              4.609649E+03 
7.000000E-01          2.808721E+00              4.599993E+03 
7.010000E-01          2.812828E+00              4.589888E+03 
7.020000E-01          2.816937E+00              4.579356E+03 
7.030000E-01          2.821046E+00              4.569010E+03 
7.040000E-01          2.825154E+00              4.558808E+03 
7.050000E-01          2.829262E+00              4.548581E+03 
7.060000E-01          2.833372E+00              4.537876E+03 
7.070000E-01          2.837482E+00              4.527165E+03 
7.080000E-01          2.841593E+00              4.516421E+03 
7.090000E-01          2.845702E+00              4.505982E+03 
7.100000E-01          2.849813E+00              4.495153E+03 
7.110000E-01          2.853925E+00              4.484128E+03 
7.120000E-01          2.858036E+00              4.473132E+03 
7.130000E-01          2.862147E+00              4.462463E+03 
7.140000E-01          2.866258E+00              4.451534E+03 
7.150000E-01          2.870371E+00              4.440402E+03 
7.160000E-01          2.874483E+00              4.429370E+03 
7.170000E-01          2.878594E+00              4.418695E+03 
7.180000E-01          2.882706E+00              4.407800E+03 
7.190000E-01          2.886818E+00              4.396750E+03 
7.200000E-01          2.890930E+00              4.385810E+03 
7.210000E-01          2.895041E+00              4.375279E+03 
7.220000E-01          2.899153E+00              4.364527E+03 
7.230000E-01          2.903265E+00              4.353672E+03 
7.240000E-01          2.907377E+00              4.342900E+03 
7.250000E-01          2.911487E+00              4.332587E+03 
7.260000E-01          2.915598E+00              4.322033E+03 
7.270000E-01          2.919710E+00              4.311375E+03 
7.280000E-01          2.923822E+00              4.300796E+03 
7.290000E-01          2.927932E+00              4.290681E+03 
7.300000E-01          2.932043E+00              4.280328E+03 
7.310000E-01          2.936154E+00              4.269806E+03 
7.320000E-01          2.940265E+00              4.259417E+03 
7.330000E-01          2.944375E+00              4.249449E+03 
7.340000E-01          2.948486E+00              4.239285E+03 
7.350000E-01          2.952598E+00              4.228820E+03 
7.360000E-01          2.956709E+00              4.218598E+03 
7.370000E-01          2.960819E+00              4.208667E+03 
7.380000E-01          2.964929E+00              4.198674E+03 
7.390000E-01          2.969041E+00              4.188331E+03 
7.400000E-01          2.973152E+00              4.178182E+03 
7.410000E-01          2.977262E+00              4.168194E+03 
7.420000E-01          2.981372E+00              4.158344E+03 
7.430000E-01          2.985484E+00              4.148167E+03 
7.440000E-01          2.989595E+00              4.138018E+03 
7.450000E-01          2.993707E+00              4.127884E+03 
7.460000E-01          2.997817E+00              4.118155E+03 
7.470000E-01          3.001928E+00              4.108127E+03 
7.480000E-01          3.006040E+00              4.097955E+03 
7.490000E-01          3.010151E+00              4.087859E+03 
7.500000E-01          3.014262E+00              4.078132E+03 
7.510000E-01          3.018373E+00              4.068206E+03 
7.520000E-01          3.022485E+00              4.058018E+03 
7.530000E-01          3.026597E+00              4.048021E+03 
7.540000E-01          3.030708E+00              4.038313E+03 
7.550000E-01          3.034819E+00              4.028515E+03 
7.560000E-01          3.038931E+00              4.018399E+03 
7.570000E-01          3.043043E+00              4.008472E+03 
7.580000E-01          3.047154E+00              3.998734E+03 
7.590000E-01          3.051265E+00              3.989087E+03 
7.600000E-01          3.055377E+00              3.979149E+03 
7.610000E-01          3.059489E+00              3.969258E+03 
7.620000E-01          3.063600E+00              3.959434E+03 
7.630000E-01          3.067711E+00              3.949950E+03 
7.640000E-01          3.071823E+00              3.940207E+03 
7.650000E-01          3.075935E+00              3.930335E+03 
7.660000E-01          3.080047E+00              3.920557E+03 
7.670000E-01          3.084158E+00              3.911122E+03 
7.680000E-01          3.088269E+00              3.901511E+03 
7.690000E-01          3.092382E+00              3.891634E+03 
7.700000E-01          3.096494E+00              3.881960E+03 
7.710000E-01          3.100605E+00              3.872531E+03 
7.720000E-01          3.104717E+00              3.863059E+03 
7.730000E-01          3.108829E+00              3.853298E+03 
7.740000E-01          3.112941E+00              3.843668E+03 
7.750000E-01          3.117053E+00              3.834191E+03 
7.760000E-01          3.121164E+00              3.824873E+03 
7.770000E-01          3.125276E+00              3.815302E+03 
7.780000E-01          3.129389E+00              3.805681E+03 
7.790000E-01          3.133501E+00              3.796125E+03 
7.800000E-01          3.137612E+00              3.786921E+03 
7.810000E-01          3.141724E+00              3.777503E+03 
7.820000E-01          3.145837E+00              3.767879E+03 
7.830000E-01          3.149949E+00              3.758402E+03 
7.840000E-01          3.154061E+00              3.749175E+03 
7.850000E-01          3.158173E+00              3.739873E+03 
7.860000E-01          3.162286E+00              3.730300E+03 
7.870000E-01          3.166398E+00              3.720849E+03 
7.880000E-01          3.170511E+00              3.711546E+03 
7.890000E-01          3.174622E+00              3.702373E+03 
7.900000E-01          3.178735E+00              3.692965E+03 
7.910000E-01          3.182848E+00              3.683529E+03 
7.920000E-01          3.186961E+00              3.674183E+03 
7.930000E-01          3.191072E+00              3.665151E+03 
7.940000E-01          3.195185E+00              3.655946E+03 
7.950000E-01          3.199298E+00              3.646540E+03 
7.960000E-01          3.203410E+00              3.637309E+03 
7.970000E-01          3.207522E+00              3.628326E+03 
7.980000E-01          3.211634E+00              3.619291E+03 
7.990000E-01          3.215747E+00              3.610004E+03 
8.000000E-01          3.219860E+00              3.600856E+03 
8.010000E-01          3.223972E+00              3.591860E+03 
8.020000E-01          3.228084E+00              3.583015E+03 
8.030000E-01          3.232196E+00              3.573953E+03 
8.040000E-01          3.236309E+00              3.564829E+03 
8.050000E-01          3.240422E+00              3.555820E+03 
8.060000E-01          3.244533E+00              3.547118E+03 
8.070000E-01          3.248645E+00              3.538279E+03 
8.080000E-01          3.252758E+00              3.529201E+03 
8.090000E-01          3.256871E+00              3.520352E+03 
8.100000E-01          3.260982E+00              3.511703E+03 
8.110000E-01          3.265094E+00              3.503090E+03 
8.120000E-01          3.269206E+00              3.494241E+03 
8.130000E-01          3.273319E+00              3.485410E+03 
8.140000E-01          3.277431E+00              3.476662E+03 
8.150000E-01          3.281543E+00              3.468230E+03 
8.160000E-01          3.285655E+00              3.459627E+03 
8.170000E-01          3.289768E+00              3.450795E+03 
8.180000E-01          3.293880E+00              3.442178E+03 
8.190000E-01          3.297991E+00              3.433749E+03 
8.200000E-01          3.302103E+00              3.425361E+03 
8.210000E-01          3.306215E+00              3.416755E+03 
8.220000E-01          3.310328E+00              3.408146E+03 
8.230000E-01          3.314440E+00              3.399622E+03 
8.240000E-01          3.318552E+00              3.391402E+03 
8.250000E-01          3.322664E+00              3.383031E+03 
8.260000E-01          3.326776E+00              3.374426E+03 
8.270000E-01          3.330889E+00              3.365994E+03 
8.280000E-01          3.335001E+00              3.357692E+03 
8.290000E-01          3.339112E+00              3.349528E+03 
8.300000E-01          3.343224E+00              3.341171E+03 
8.310000E-01          3.347337E+00              3.332717E+03 
8.320000E-01          3.351450E+00              3.324395E+03 
8.330000E-01          3.355561E+00              3.316338E+03 
8.340000E-01          3.359673E+00              3.308203E+03 
8.350000E-01          3.363786E+00              3.299851E+03 
8.360000E-01          3.367898E+00              3.291560E+03 
8.370000E-01          3.372010E+00              3.283349E+03 
8.380000E-01          3.376122E+00              3.275409E+03 
8.390000E-01          3.380234E+00              3.267302E+03 
8.400000E-01          3.384347E+00              3.258995E+03 
8.410000E-01          3.388459E+00              3.250902E+03 
8.420000E-01          3.392571E+00              3.242978E+03 
8.430000E-01          3.396683E+00              3.235117E+03 
8.440000E-01          3.400795E+00              3.227070E+03 
8.450000E-01          3.404908E+00              3.218932E+03 
8.460000E-01          3.409020E+00              3.210930E+03 
8.470000E-01          3.413132E+00              3.203177E+03 
8.480000E-01          3.417244E+00              3.195367E+03 
8.490000E-01          3.421356E+00              3.187366E+03 
8.500000E-01          3.425469E+00              3.179426E+03 
8.510000E-01          3.429581E+00              3.171576E+03 
8.520000E-01          3.433692E+00              3.164016E+03 
8.530000E-01          3.437804E+00              3.156306E+03 
8.540000E-01          3.441917E+00              3.148398E+03 
8.550000E-01          3.446029E+00              3.140652E+03 
8.560000E-01          3.450141E+00              3.132991E+03 
8.570000E-01          3.454252E+00              3.125562E+03 
8.580000E-01          3.458364E+00              3.117943E+03 
8.590000E-01          3.462477E+00              3.110132E+03 
8.600000E-01          3.466589E+00              3.102541E+03 
8.610000E-01          3.470700E+00              3.095073E+03 
8.620000E-01          3.474812E+00              3.087736E+03 
8.630000E-01          3.478924E+00              3.080209E+03 
8.640000E-01          3.483036E+00              3.072577E+03 
8.650000E-01          3.487148E+00              3.065112E+03 
8.660000E-01          3.491260E+00              3.057832E+03 
8.670000E-01          3.495371E+00              3.050610E+03 
8.680000E-01          3.499483E+00              3.043195E+03 
8.690000E-01          3.503596E+00              3.035721E+03 
8.700000E-01          3.507708E+00              3.028381E+03 
8.710000E-01          3.511819E+00              3.021248E+03 
8.720000E-01          3.515930E+00              3.014137E+03 
8.730000E-01          3.520042E+00              3.006833E+03 
8.740000E-01          3.524155E+00              2.999492E+03 
8.750000E-01          3.528267E+00              2.992268E+03 
8.760000E-01          3.532378E+00              2.985251E+03 
8.770000E-01          3.536489E+00              2.978240E+03 
8.780000E-01          3.540602E+00              2.971033E+03 
8.790000E-01          3.544714E+00              2.963762E+03 
8.800000E-01          3.548826E+00              2.956608E+03 
8.810000E-01          3.552938E+00              2.949631E+03 
8.820000E-01          3.557049E+00              2.942682E+03 
8.830000E-01          3.561162E+00              2.935544E+03 
8.840000E-01          3.565275E+00              2.928304E+03 
8.850000E-01          3.569387E+00              2.921203E+03 
8.860000E-01          3.573499E+00              2.914250E+03 
8.870000E-01          3.577611E+00              2.907366E+03 
8.880000E-01          3.581723E+00              2.900297E+03 
8.890000E-01          3.585836E+00              2.893108E+03 
8.900000E-01          3.589949E+00              2.886082E+03 
8.910000E-01          3.594061E+00              2.879183E+03 
8.920000E-01          3.598173E+00              2.872390E+03 
8.930000E-01          3.602285E+00              2.865428E+03 
8.940000E-01          3.606398E+00              2.858310E+03 
8.950000E-01          3.610511E+00              2.851386E+03 
8.960000E-01          3.614623E+00              2.844557E+03 
8.970000E-01          3.618735E+00              2.837892E+03 
8.980000E-01          3.622848E+00              2.831057E+03 
8.990000E-01          3.626961E+00              2.824065E+03 
9.000000E-01          3.631073E+00              2.817243E+03 
9.010000E-01          3.635186E+00              2.810486E+03 
9.020000E-01          3.639298E+00              2.803974E+03 
9.030000E-01          3.643410E+00              2.797292E+03 
9.040000E-01          3.647523E+00              2.790451E+03 
9.050000E-01          3.651636E+00              2.783734E+03 
9.060000E-01          3.655748E+00              2.777091E+03 
9.070000E-01          3.659860E+00              2.770722E+03 
9.080000E-01          3.663972E+00              2.764202E+03 
9.090000E-01          3.668085E+00              2.757520E+03 
9.100000E-01          3.672197E+00              2.750917E+03 
9.110000E-01          3.676310E+00              2.744385E+03 
9.120000E-01          3.680421E+00              2.738092E+03 
9.130000E-01          3.684533E+00              2.731766E+03 
9.140000E-01          3.688646E+00              2.725264E+03 
9.150000E-01          3.692759E+00              2.718730E+03 
9.160000E-01          3.696871E+00              2.712340E+03 
9.170000E-01          3.700983E+00              2.706080E+03 
9.180000E-01          3.705095E+00              2.699965E+03 
9.190000E-01          3.709207E+00              2.693662E+03 
9.200000E-01          3.713320E+00              2.687217E+03 
9.210000E-01          3.717432E+00              2.680942E+03 
9.220000E-01          3.721545E+00              2.674702E+03 
9.230000E-01          3.725656E+00              2.668721E+03 
9.240000E-01          3.729768E+00              2.662611E+03 
9.250000E-01          3.733881E+00              2.656324E+03 
9.260000E-01          3.737994E+00              2.650053E+03 
9.270000E-01          3.742106E+00              2.643891E+03 
9.280000E-01          3.746218E+00              2.637871E+03 
9.290000E-01          3.750330E+00              2.631964E+03 
9.300000E-01          3.754443E+00              2.625861E+03 
9.310000E-01          3.758556E+00              2.619627E+03 
9.320000E-01          3.762668E+00              2.613556E+03 
9.330000E-01          3.766781E+00              2.607513E+03 
9.340000E-01          3.770893E+00              2.601708E+03 
9.350000E-01          3.775005E+00              2.595808E+03 
9.360000E-01          3.779118E+00              2.589734E+03 
9.370000E-01          3.783231E+00              2.583635E+03 
9.380000E-01          3.787343E+00              2.577675E+03 
9.390000E-01          3.791456E+00              2.571801E+03 
9.400000E-01          3.795568E+00              2.566120E+03 
9.410000E-01          3.799680E+00              2.560237E+03 
9.420000E-01          3.803794E+00              2.554208E+03 
9.430000E-01          3.807907E+00              2.548289E+03 
9.440000E-01          3.812019E+00              2.542424E+03 
9.450000E-01          3.816132E+00              2.536738E+03 
9.460000E-01          3.820244E+00              2.531085E+03 
9.470000E-01          3.824357E+00              2.525246E+03 
9.480000E-01          3.828470E+00              2.519295E+03 
9.490000E-01          3.832583E+00              2.513538E+03 
9.500000E-01          3.836696E+00              2.507802E+03 
9.510000E-01          3.840808E+00              2.502279E+03 
9.520000E-01          3.844921E+00              2.496680E+03 
9.530000E-01          3.849034E+00              2.490907E+03 
9.540000E-01          3.853147E+00              2.485104E+03 
9.550000E-01          3.857260E+00              2.479464E+03 
9.560000E-01          3.861373E+00              2.473863E+03 
9.570000E-01          3.865485E+00              2.468488E+03 
9.580000E-01          3.869598E+00              2.462967E+03 
9.590000E-01          3.873711E+00              2.457288E+03 
9.600000E-01          3.877825E+00              2.451650E+03 
9.610000E-01          3.881938E+00              2.446135E+03 
9.620000E-01          3.886050E+00              2.440706E+03 
9.630000E-01          3.890163E+00              2.435448E+03 
9.640000E-01          3.894276E+00              2.430030E+03 
9.650000E-01          3.898389E+00              2.424463E+03 
9.660000E-01          3.902502E+00              2.418987E+03 
9.670000E-01          3.906615E+00              2.413616E+03 
9.680000E-01          3.910728E+00              2.408343E+03 
9.690000E-01          3.914840E+00              2.403213E+03 
9.700000E-01          3.918953E+00              2.397933E+03 
9.710000E-01          3.923067E+00              2.392499E+03 
9.720000E-01          3.927180E+00              2.387178E+03 
9.730000E-01          3.931293E+00              2.381965E+03 
9.740000E-01          3.935405E+00              2.376836E+03 
9.750000E-01          3.939518E+00              2.371841E+03 
9.760000E-01          3.943630E+00              2.366732E+03 
9.770000E-01          3.947744E+00              2.361450E+03 
9.780000E-01          3.951857E+00              2.356253E+03 
9.790000E-01          3.955970E+00              2.351208E+03 
9.800000E-01          3.960083E+00              2.346202E+03 
9.810000E-01          3.964195E+00              2.341341E+03 
9.820000E-01          3.968307E+00              2.336438E+03 
9.830000E-01          3.972421E+00              2.331331E+03 
9.840000E-01          3.976534E+00              2.326217E+03 
9.850000E-01          3.980647E+00              2.321304E+03 
9.860000E-01          3.984760E+00              2.316430E+03 
9.870000E-01          3.988872E+00              2.311702E+03 
9.880000E-01          3.992984E+00              2.306975E+03 
9.890000E-01          3.997097E+00              2.302090E+03 
9.900000E-01          4.001211E+00              2.297063E+03 
9.910000E-01          4.005324E+00              2.292272E+03 
9.920000E-01          4.009436E+00              2.287563E+03 
9.930000E-01          4.013549E+00              2.282938E+03 
9.940000E-01          4.017661E+00              2.278358E+03 
9.950000E-01          4.021774E+00              2.273744E+03 
9.960000E-01          4.025887E+00              2.268927E+03 
9.970000E-01          4.030000E+00              2.264150E+03 
9.980000E-01          4.034113E+00              2.259556E+03 
9.990000E-01          4.038226E+00              2.255023E+03 
1.000000E+00          4.042338E+00              2.250603E+03 
