#INST  CMOD   FORCE   
0.000000E+00          0.000000E+00              0.000000E+00 
1.000000E-03          3.489080E-03              1.143795E+02 
2.000000E-03          6.978328E-03              2.286934E+02 
3.000000E-03          1.046768E-02              3.429676E+02 
4.000000E-03          1.395714E-02              4.572561E+02 
5.000000E-03          1.744672E-02              5.715588E+02 
6.000000E-03          2.093727E-02              6.856124E+02 
7.000000E-03          2.442848E-02              7.996224E+02 
8.000000E-03          2.792066E-02              9.134511E+02 
9.000000E-03          3.141389E-02              1.027083E+03 
1.000000E-02          3.490806E-02              1.140538E+03 
1.100000E-02          3.840322E-02              1.253806E+03 
1.200000E-02          4.189950E-02              1.366863E+03 
1.300000E-02          4.539672E-02              1.479743E+03 
1.400000E-02          4.889496E-02              1.592431E+03 
1.500000E-02          5.239432E-02              1.704904E+03 
1.600000E-02          5.589468E-02              1.817189E+03 
1.700000E-02          5.939600E-02              1.929293E+03 
1.800000E-02          6.289849E-02              2.041172E+03 
1.900000E-02          6.640201E-02              2.152854E+03 
2.000000E-02          6.990662E-02              2.264326E+03 
2.100000E-02          7.341249E-02              2.375547E+03 
2.200000E-02          7.691947E-02              2.486557E+03 
2.300000E-02          8.042772E-02              2.597310E+03 
2.400000E-02          8.393731E-02              2.707798E+03 
2.500000E-02          8.744817E-02              2.818032E+03 
2.600000E-02          9.096040E-02              2.927990E+03 
2.700000E-02          9.447409E-02              3.037651E+03 
2.800000E-02          9.798920E-02              3.147022E+03 
2.900000E-02          1.015058E-01              3.256092E+03 
3.000000E-02          1.050239E-01              3.364841E+03 
3.100000E-02          1.085436E-01              3.473282E+03 
3.200000E-02          1.120648E-01              3.581391E+03 
3.300000E-02          1.155876E-01              3.689170E+03 
3.400000E-02          1.191120E-01              3.796611E+03 
3.500000E-02          1.226382E-01              3.903689E+03 
3.600000E-02          1.261660E-01              4.010421E+03 
3.700000E-02          1.296956E-01              4.116779E+03 
3.800000E-02          1.332269E-01              4.222771E+03 
3.900000E-02          1.367600E-01              4.328387E+03 
4.000000E-02          1.402948E-01              4.433635E+03 
4.100000E-02          1.438314E-01              4.538486E+03 
4.200000E-02          1.473702E-01              4.642887E+03 
4.300000E-02          1.509104E-01              4.746977E+03 
4.400000E-02          1.544526E-01              4.850631E+03 
4.500000E-02          1.579968E-01              4.953862E+03 
4.600000E-02          1.615429E-01              5.056689E+03 
4.700000E-02          1.650909E-01              5.159074E+03 
4.800000E-02          1.686407E-01              5.261093E+03 
4.900000E-02          1.721922E-01              5.362761E+03 
5.000000E-02          1.757463E-01              5.463824E+03 
5.100000E-02          1.793035E-01              5.564210E+03 
5.200000E-02          1.828636E-01              5.663945E+03 
5.300000E-02          1.864274E-01              5.762875E+03 
5.400000E-02          1.899955E-01              5.860858E+03 
5.500000E-02          1.935672E-01              5.958055E+03 
5.600000E-02          1.971434E-01              6.054256E+03 
5.700000E-02          2.007249E-01              6.149241E+03 
5.800000E-02          2.043110E-01              6.243209E+03 
5.900000E-02          2.079017E-01              6.336165E+03 
6.000000E-02          2.114980E-01              6.427886E+03 
6.100000E-02          2.150993E-01              6.518455E+03 
6.200000E-02          2.187055E-01              6.607939E+03 
6.300000E-02          2.223171E-01              6.696248E+03 
6.400000E-02          2.259337E-01              6.783429E+03 
6.500000E-02          2.295563E-01              6.869237E+03 
6.600000E-02          2.331852E-01              6.953633E+03 
6.700000E-02          2.368195E-01              7.036801E+03 
6.800000E-02          2.404582E-01              7.119002E+03 
6.900000E-02          2.441036E-01              7.199706E+03 
7.000000E-02          2.477551E-01              7.279006E+03 
7.100000E-02          2.514112E-01              7.357294E+03 
7.200000E-02          2.550730E-01              7.434295E+03 
7.300000E-02          2.587400E-01              7.510134E+03 
7.400000E-02          2.624138E-01              7.584446E+03 
7.500000E-02          2.660945E-01              7.657196E+03 
7.600000E-02          2.697810E-01              7.728618E+03 
7.700000E-02          2.734727E-01              7.798861E+03 
7.800000E-02          2.771700E-01              7.867861E+03 
7.900000E-02          2.808733E-01              7.935513E+03 
8.000000E-02          2.845829E-01              8.001748E+03 
8.100000E-02          2.882978E-01              8.066800E+03 
8.200000E-02          2.920179E-01              8.130639E+03 
8.300000E-02          2.957434E-01              8.193302E+03 
8.400000E-02          2.994752E-01              8.254245E+03 
8.500000E-02          3.032122E-01              8.313574E+03 
8.600000E-02          3.069541E-01              8.371832E+03 
8.700000E-02          3.107019E-01              8.428808E+03 
8.800000E-02          3.144571E-01              8.484145E+03 
8.900000E-02          3.182175E-01              8.538327E+03 
9.000000E-02          3.219840E-01              8.591182E+03 
9.100000E-02          3.257587E-01              8.642274E+03 
9.200000E-02          3.295406E-01              8.691769E+03 
9.300000E-02          3.333288E-01              8.739924E+03 
9.400000E-02          3.371261E-01              8.786112E+03 
9.500000E-02          3.409287E-01              8.831168E+03 
9.600000E-02          3.447427E-01              8.873806E+03 
9.700000E-02          3.485660E-01              8.914429E+03 
9.800000E-02          3.524016E-01              8.952451E+03 
9.900000E-02          3.562683E-01              8.983807E+03 
1.000000E-01          3.601489E-01              9.012172E+03 
1.010000E-01          3.640384E-01              9.038664E+03 
1.020000E-01          3.679338E-01              9.063911E+03 
1.030000E-01          3.718334E-01              9.088247E+03 
1.040000E-01          3.757371E-01              9.111715E+03 
1.050000E-01          3.796458E-01              9.134141E+03 
1.060000E-01          3.835594E-01              9.155535E+03 
1.070000E-01          3.874757E-01              9.176361E+03 
1.080000E-01          3.913947E-01              9.196602E+03 
1.090000E-01          3.953163E-01              9.216310E+03 
1.100000E-01          3.992405E-01              9.235480E+03 
1.110000E-01          4.031669E-01              9.254183E+03 
1.120000E-01          4.070950E-01              9.272524E+03 
1.130000E-01          4.110247E-01              9.290539E+03 
1.140000E-01          4.149565E-01              9.308132E+03 
1.150000E-01          4.188910E-01              9.325152E+03 
1.160000E-01          4.228278E-01              9.341716E+03 
1.170000E-01          4.267662E-01              9.357963E+03 
1.180000E-01          4.307066E-01              9.373792E+03 
1.190000E-01          4.346489E-01              9.389234E+03 
1.200000E-01          4.385924E-01              9.404442E+03 
1.210000E-01          4.425369E-01              9.419437E+03 
1.220000E-01          4.464826E-01              9.434196E+03 
1.230000E-01          4.504300E-01              9.448639E+03 
1.240000E-01          4.543782E-01              9.462903E+03 
1.250000E-01          4.583275E-01              9.476964E+03 
1.260000E-01          4.622777E-01              9.490835E+03 
1.270000E-01          4.662288E-01              9.504542E+03 
1.280000E-01          4.701810E-01              9.518040E+03 
1.290000E-01          4.741343E-01              9.531303E+03 
1.300000E-01          4.780884E-01              9.544420E+03 
1.310000E-01          4.820434E-01              9.557374E+03 
1.320000E-01          4.859995E-01              9.570087E+03 
1.330000E-01          4.899564E-01              9.582667E+03 
1.340000E-01          4.939140E-01              9.595102E+03 
1.350000E-01          4.978729E-01              9.607296E+03 
1.360000E-01          5.018325E-01              9.619346E+03 
1.370000E-01          5.057927E-01              9.631279E+03 
1.380000E-01          5.097536E-01              9.643099E+03 
1.390000E-01          5.137152E-01              9.654777E+03 
1.400000E-01          5.176775E-01              9.666310E+03 
1.410000E-01          5.216410E-01              9.677647E+03 
1.420000E-01          5.256051E-01              9.688864E+03 
1.430000E-01          5.295698E-01              9.699981E+03 
1.440000E-01          5.335350E-01              9.710994E+03 
1.450000E-01          5.375009E-01              9.721901E+03 
1.460000E-01          5.414673E-01              9.732708E+03 
1.470000E-01          5.454342E-01              9.743422E+03 
1.480000E-01          5.494016E-01              9.754043E+03 
1.490000E-01          5.533696E-01              9.764565E+03 
1.500000E-01          5.573384E-01              9.774949E+03 
1.510000E-01          5.613077E-01              9.785246E+03 
1.520000E-01          5.652777E-01              9.795415E+03 
1.530000E-01          5.692482E-01              9.805502E+03 
1.540000E-01          5.732191E-01              9.815504E+03 
1.550000E-01          5.771906E-01              9.825422E+03 
1.560000E-01          5.811625E-01              9.835260E+03 
1.570000E-01          5.851349E-01              9.845020E+03 
1.580000E-01          5.891078E-01              9.854680E+03 
1.590000E-01          5.930812E-01              9.864259E+03 
1.600000E-01          5.970551E-01              9.873761E+03 
1.610000E-01          6.010294E-01              9.883182E+03 
1.620000E-01          6.050041E-01              9.892531E+03 
1.630000E-01          6.089793E-01              9.901805E+03 
1.640000E-01          6.129549E-01              9.911003E+03 
1.650000E-01          6.169311E-01              9.920117E+03 
1.660000E-01          6.209077E-01              9.929135E+03 
1.670000E-01          6.248848E-01              9.938074E+03 
1.680000E-01          6.288626E-01              9.946902E+03 
1.690000E-01          6.328407E-01              9.955665E+03 
1.700000E-01          6.368193E-01              9.964361E+03 
1.710000E-01          6.407983E-01              9.972988E+03 
1.720000E-01          6.447777E-01              9.981543E+03 
1.730000E-01          6.487575E-01              9.990031E+03 
1.740000E-01          6.527377E-01              9.998453E+03 
1.750000E-01          6.567184E-01              1.000680E+04 
1.760000E-01          6.606994E-01              1.001508E+04 
1.770000E-01          6.646809E-01              1.002329E+04 
1.780000E-01          6.686628E-01              1.003143E+04 
1.790000E-01          6.726450E-01              1.003952E+04 
1.800000E-01          6.766277E-01              1.004754E+04 
1.810000E-01          6.806108E-01              1.005549E+04 
1.820000E-01          6.845943E-01              1.006337E+04 
1.830000E-01          6.885784E-01              1.007115E+04 
1.840000E-01          6.925631E-01              1.007883E+04 
1.850000E-01          6.965482E-01              1.008645E+04 
1.860000E-01          7.005338E-01              1.009398E+04 
1.870000E-01          7.045200E-01              1.010140E+04 
1.880000E-01          7.085067E-01              1.010875E+04 
1.890000E-01          7.124940E-01              1.011601E+04 
1.900000E-01          7.164816E-01              1.012319E+04 
1.910000E-01          7.204697E-01              1.013031E+04 
1.920000E-01          7.244584E-01              1.013730E+04 
1.930000E-01          7.284477E-01              1.014418E+04 
1.940000E-01          7.324376E-01              1.015097E+04 
1.950000E-01          7.364279E-01              1.015768E+04 
1.960000E-01          7.404189E-01              1.016429E+04 
1.970000E-01          7.444104E-01              1.017079E+04 
1.980000E-01          7.484025E-01              1.017719E+04 
1.990000E-01          7.523952E-01              1.018346E+04 
2.000000E-01          7.563886E-01              1.018961E+04 
2.010000E-01          7.603826E-01              1.019566E+04 
2.020000E-01          7.643771E-01              1.020160E+04 
2.030000E-01          7.683726E-01              1.020736E+04 
2.040000E-01          7.723693E-01              1.021287E+04 
2.050000E-01          7.763673E-01              1.021810E+04 
2.060000E-01          7.803669E-01              1.022302E+04 
2.070000E-01          7.843686E-01              1.022748E+04 
2.080000E-01          7.883726E-01              1.023144E+04 
2.090000E-01          7.923795E-01              1.023475E+04 
2.100000E-01          7.963903E-01              1.023720E+04 
2.110000E-01          8.004063E-01              1.023850E+04 
2.120000E-01          8.044295E-01              1.023812E+04 
2.130000E-01          8.084642E-01              1.023506E+04 
2.140000E-01          8.125147E-01              1.022832E+04 
2.150000E-01          8.165870E-01              1.021653E+04 
2.160000E-01          8.206898E-01              1.019768E+04 
2.170000E-01          8.248367E-01              1.016863E+04 
2.172500E-01          8.260512E-01              1.012010E+04 
2.175000E-01          8.272490E-01              1.007557E+04 
2.177500E-01          8.284361E-01              1.003353E+04 
2.180000E-01          8.296140E-01              9.993599E+03 
2.190000E-01          8.337572E-01              9.965499E+03 
2.200000E-01          8.379176E-01              9.933386E+03 
2.210000E-01          8.420600E-01              9.905456E+03 
2.220000E-01          8.461771E-01              9.883468E+03 
2.230000E-01          8.502754E-01              9.865839E+03 
2.240000E-01          8.543553E-01              9.852508E+03 
2.250000E-01          8.584299E-01              9.840426E+03 
2.260000E-01          8.624994E-01              9.829573E+03 
2.270000E-01          8.665670E-01              9.819199E+03 
2.272500E-01          8.676218E-01              9.807839E+03 
2.275000E-01          8.686655E-01              9.799064E+03 
2.277500E-01          8.697016E-01              9.792037E+03 
2.280000E-01          8.707307E-01              9.786635E+03 
2.290000E-01          8.747425E-01              9.789250E+03 
2.300000E-01          8.787913E-01              9.783299E+03 
2.310000E-01          8.828518E-01              9.774679E+03 
2.320000E-01          8.869215E-01              9.763956E+03 
2.330000E-01          8.909962E-01              9.752109E+03 
2.340000E-01          8.950723E-01              9.739971E+03 
2.350000E-01          8.991468E-01              9.728240E+03 
2.360000E-01          9.032245E-01              9.715807E+03 
2.370000E-01          9.073000E-01              9.703902E+03 
2.380000E-01          9.113696E-01              9.693395E+03 
2.390000E-01          9.154431E-01              9.681992E+03 
2.400000E-01          9.195162E-01              9.670749E+03 
2.410000E-01          9.235889E-01              9.659613E+03 
2.420000E-01          9.276595E-01              9.648968E+03 
2.430000E-01          9.317349E-01              9.637265E+03 
2.440000E-01          9.358078E-01              9.626164E+03 
2.450000E-01          9.398795E-01              9.615384E+03 
2.460000E-01          9.439514E-01              9.604563E+03 
2.470000E-01          9.480266E-01              9.593022E+03 
2.480000E-01          9.521008E-01              9.581758E+03 
2.490000E-01          9.561701E-01              9.571638E+03 
2.500000E-01          9.602433E-01              9.560653E+03 
2.510000E-01          9.643181E-01              9.549313E+03 
2.520000E-01          9.683935E-01              9.537884E+03 
2.530000E-01          9.724658E-01              9.527184E+03 
2.540000E-01          9.765434E-01              9.515292E+03 
2.550000E-01          9.806197E-01              9.503740E+03 
2.560000E-01          9.846946E-01              9.492540E+03 
2.570000E-01          9.887705E-01              9.481118E+03 
2.580000E-01          9.928500E-01              9.468905E+03 
2.590000E-01          9.969298E-01              9.456650E+03 
2.600000E-01          1.001005E+00              9.445468E+03 
2.610000E-01          1.005085E+00              9.433335E+03 
2.620000E-01          1.009165E+00              9.421139E+03 
2.630000E-01          1.013244E+00              9.409111E+03 
2.640000E-01          1.017322E+00              9.397305E+03 
2.650000E-01          1.021405E+00              9.384486E+03 
2.660000E-01          1.025487E+00              9.371992E+03 
2.670000E-01          1.029566E+00              9.360274E+03 
2.680000E-01          1.033648E+00              9.347753E+03 
2.690000E-01          1.037731E+00              9.334903E+03 
2.700000E-01          1.041815E+00              9.322028E+03 
2.710000E-01          1.045897E+00              9.309643E+03 
2.720000E-01          1.049983E+00              9.296325E+03 
2.730000E-01          1.054067E+00              9.283563E+03 
2.740000E-01          1.058148E+00              9.271449E+03 
2.750000E-01          1.062231E+00              9.258788E+03 
2.760000E-01          1.066317E+00              9.245782E+03 
2.770000E-01          1.070402E+00              9.232842E+03 
2.780000E-01          1.074484E+00              9.220637E+03 
2.790000E-01          1.078571E+00              9.207198E+03 
2.800000E-01          1.082656E+00              9.194317E+03 
2.810000E-01          1.086739E+00              9.181939E+03 
2.820000E-01          1.090824E+00              9.169119E+03 
2.830000E-01          1.094911E+00              9.155905E+03 
2.840000E-01          1.098998E+00              9.142730E+03 
2.850000E-01          1.103082E+00              9.130392E+03 
2.860000E-01          1.107171E+00              9.116805E+03 
2.870000E-01          1.111257E+00              9.103796E+03 
2.880000E-01          1.115342E+00              9.091285E+03 
2.890000E-01          1.119429E+00              9.078269E+03 
2.900000E-01          1.123517E+00              9.064850E+03 
2.910000E-01          1.127606E+00              9.051422E+03 
2.920000E-01          1.131692E+00              9.038756E+03 
2.930000E-01          1.135783E+00              9.024944E+03 
2.940000E-01          1.139871E+00              9.011762E+03 
2.950000E-01          1.143957E+00              8.999127E+03 
2.960000E-01          1.148045E+00              8.985966E+03 
2.970000E-01          1.152135E+00              8.972448E+03 
2.980000E-01          1.156225E+00              8.958937E+03 
2.990000E-01          1.160312E+00              8.946191E+03 
3.000000E-01          1.164404E+00              8.932219E+03 
3.010000E-01          1.168495E+00              8.918728E+03 
3.020000E-01          1.172583E+00              8.905734E+03 
3.030000E-01          1.176674E+00              8.892099E+03 
3.040000E-01          1.180767E+00              8.878165E+03 
3.050000E-01          1.184859E+00              8.864389E+03 
3.060000E-01          1.188948E+00              8.851333E+03 
3.070000E-01          1.193042E+00              8.837233E+03 
3.080000E-01          1.197134E+00              8.823501E+03 
3.090000E-01          1.201224E+00              8.810434E+03 
3.100000E-01          1.205316E+00              8.796648E+03 
3.110000E-01          1.209410E+00              8.782752E+03 
3.120000E-01          1.213503E+00              8.769003E+03 
3.130000E-01          1.217594E+00              8.755596E+03 
3.140000E-01          1.221689E+00              8.741308E+03 
3.150000E-01          1.225784E+00              8.727141E+03 
3.160000E-01          1.229876E+00              8.713873E+03 
3.170000E-01          1.233971E+00              8.699625E+03 
3.180000E-01          1.238066E+00              8.685492E+03 
3.190000E-01          1.242161E+00              8.671545E+03 
3.200000E-01          1.246256E+00              8.657453E+03 
3.210000E-01          1.250354E+00              8.642774E+03 
3.220000E-01          1.254452E+00              8.628119E+03 
3.230000E-01          1.258545E+00              8.614661E+03 
3.240000E-01          1.262642E+00              8.600222E+03 
3.250000E-01          1.266737E+00              8.586322E+03 
3.260000E-01          1.270830E+00              8.572953E+03 
3.270000E-01          1.274925E+00              8.559134E+03 
3.280000E-01          1.279021E+00              8.545061E+03 
3.290000E-01          1.283117E+00              8.531038E+03 
3.300000E-01          1.287210E+00              8.517570E+03 
3.310000E-01          1.291309E+00              8.503133E+03 
3.320000E-01          1.295406E+00              8.488937E+03 
3.330000E-01          1.299499E+00              8.475527E+03 
3.340000E-01          1.303597E+00              8.461254E+03 
3.350000E-01          1.307695E+00              8.446971E+03 
3.360000E-01          1.311792E+00              8.432981E+03 
3.370000E-01          1.315888E+00              8.419113E+03 
3.380000E-01          1.319987E+00              8.404634E+03 
3.390000E-01          1.324086E+00              8.390056E+03 
3.400000E-01          1.328182E+00              8.376405E+03 
3.410000E-01          1.332284E+00              8.361427E+03 
3.420000E-01          1.336385E+00              8.346565E+03 
3.430000E-01          1.340484E+00              8.332228E+03 
3.440000E-01          1.344584E+00              8.317725E+03 
3.450000E-01          1.348683E+00              8.303255E+03 
3.460000E-01          1.352782E+00              8.289033E+03 
3.470000E-01          1.356879E+00              8.275296E+03 
3.480000E-01          1.360980E+00              8.260772E+03 
3.490000E-01          1.365079E+00              8.246433E+03 
3.500000E-01          1.369175E+00              8.232936E+03 
3.510000E-01          1.373275E+00              8.218584E+03 
3.520000E-01          1.377375E+00              8.204349E+03 
3.530000E-01          1.381473E+00              8.190412E+03 
3.540000E-01          1.385572E+00              8.176340E+03 
3.550000E-01          1.389674E+00              8.161793E+03 
3.560000E-01          1.393775E+00              8.147240E+03 
3.570000E-01          1.397873E+00              8.133448E+03 
3.580000E-01          1.401976E+00              8.118656E+03 
3.590000E-01          1.406077E+00              8.104270E+03 
3.600000E-01          1.410175E+00              8.090522E+03 
3.610000E-01          1.414277E+00              8.076146E+03 
3.620000E-01          1.418378E+00              8.061746E+03 
3.630000E-01          1.422479E+00              8.047593E+03 
3.640000E-01          1.426579E+00              8.033549E+03 
3.650000E-01          1.430682E+00              8.018936E+03 
3.660000E-01          1.434785E+00              8.004261E+03 
3.670000E-01          1.438884E+00              7.990563E+03 
3.680000E-01          1.442987E+00              7.975794E+03 
3.690000E-01          1.447089E+00              7.961426E+03 
3.700000E-01          1.451189E+00              7.947555E+03 
3.710000E-01          1.455292E+00              7.933232E+03 
3.720000E-01          1.459395E+00              7.918736E+03 
3.730000E-01          1.463497E+00              7.904425E+03 
3.740000E-01          1.467598E+00              7.890420E+03 
3.750000E-01          1.471702E+00              7.875768E+03 
3.760000E-01          1.475806E+00              7.861184E+03 
3.770000E-01          1.479906E+00              7.847485E+03 
3.780000E-01          1.484010E+00              7.832890E+03 
3.790000E-01          1.488113E+00              7.818531E+03 
3.800000E-01          1.492215E+00              7.804582E+03 
3.810000E-01          1.496317E+00              7.790434E+03 
3.820000E-01          1.500421E+00              7.775972E+03 
3.830000E-01          1.504525E+00              7.761570E+03 
3.840000E-01          1.508626E+00              7.747773E+03 
3.850000E-01          1.512732E+00              7.733111E+03 
3.860000E-01          1.516836E+00              7.718723E+03 
3.870000E-01          1.520937E+00              7.705012E+03 
3.880000E-01          1.525041E+00              7.690634E+03 
3.890000E-01          1.529145E+00              7.676296E+03 
3.900000E-01          1.533249E+00              7.662219E+03 
3.910000E-01          1.537352E+00              7.648199E+03 
3.920000E-01          1.541457E+00              7.633678E+03 
3.930000E-01          1.545563E+00              7.619101E+03 
3.940000E-01          1.549665E+00              7.605405E+03 
3.950000E-01          1.553771E+00              7.590708E+03 
3.960000E-01          1.557876E+00              7.576418E+03 
3.970000E-01          1.561979E+00              7.562596E+03 
3.980000E-01          1.566083E+00              7.548370E+03 
3.990000E-01          1.570189E+00              7.533999E+03 
4.000000E-01          1.574294E+00              7.519801E+03 
4.010000E-01          1.578397E+00              7.505946E+03 
4.020000E-01          1.582504E+00              7.491408E+03 
4.030000E-01          1.586610E+00              7.476957E+03 
4.040000E-01          1.590713E+00              7.463285E+03 
4.050000E-01          1.594819E+00              7.448829E+03 
4.060000E-01          1.598925E+00              7.434567E+03 
4.070000E-01          1.603030E+00              7.420645E+03 
4.080000E-01          1.607134E+00              7.406619E+03 
4.090000E-01          1.611241E+00              7.392259E+03 
4.100000E-01          1.615347E+00              7.377945E+03 
4.110000E-01          1.619451E+00              7.364297E+03 
4.120000E-01          1.623559E+00              7.349769E+03 
4.130000E-01          1.627665E+00              7.335570E+03 
4.140000E-01          1.631769E+00              7.321927E+03 
4.150000E-01          1.635875E+00              7.307751E+03 
4.160000E-01          1.639982E+00              7.293503E+03 
4.170000E-01          1.644088E+00              7.279462E+03 
4.180000E-01          1.648193E+00              7.265651E+03 
4.190000E-01          1.652301E+00              7.251276E+03 
4.200000E-01          1.656408E+00              7.236927E+03 
4.210000E-01          1.660512E+00              7.223413E+03 
4.220000E-01          1.664620E+00              7.209097E+03 
4.230000E-01          1.668727E+00              7.195024E+03 
4.240000E-01          1.672832E+00              7.181291E+03 
4.250000E-01          1.676938E+00              7.167423E+03 
4.260000E-01          1.681046E+00              7.153220E+03 
4.270000E-01          1.685154E+00              7.139057E+03 
4.280000E-01          1.689258E+00              7.125553E+03 
4.290000E-01          1.693367E+00              7.111152E+03 
4.300000E-01          1.697475E+00              7.097111E+03 
4.310000E-01          1.701580E+00              7.083591E+03 
4.320000E-01          1.705687E+00              7.069652E+03 
4.330000E-01          1.709795E+00              7.055566E+03 
4.340000E-01          1.713902E+00              7.041615E+03 
4.350000E-01          1.718008E+00              7.028015E+03 
4.360000E-01          1.722117E+00              7.013769E+03 
4.370000E-01          1.726226E+00              6.999661E+03 
4.380000E-01          1.730331E+00              6.986254E+03 
4.390000E-01          1.734440E+00              6.972158E+03 
4.400000E-01          1.738548E+00              6.958151E+03 
4.410000E-01          1.742655E+00              6.944401E+03 
4.420000E-01          1.746762E+00              6.930700E+03 
4.430000E-01          1.750872E+00              6.916563E+03 
4.440000E-01          1.754981E+00              6.902429E+03 
4.450000E-01          1.759086E+00              6.889143E+03 
4.460000E-01          1.763196E+00              6.874998E+03 
4.470000E-01          1.767304E+00              6.861152E+03 
4.480000E-01          1.771411E+00              6.847656E+03 
4.490000E-01          1.775519E+00              6.833903E+03 
4.500000E-01          1.779629E+00              6.819883E+03 
4.510000E-01          1.783738E+00              6.805922E+03 
4.520000E-01          1.787845E+00              6.792516E+03 
4.530000E-01          1.791955E+00              6.778343E+03 
4.540000E-01          1.796065E+00              6.764465E+03 
4.550000E-01          1.800172E+00              6.751121E+03 
4.560000E-01          1.804281E+00              6.737273E+03 
4.570000E-01          1.808390E+00              6.723377E+03 
4.580000E-01          1.812500E+00              6.709615E+03 
4.590000E-01          1.816607E+00              6.696170E+03 
4.600000E-01          1.820718E+00              6.682174E+03 
4.610000E-01          1.824828E+00              6.668255E+03 
4.620000E-01          1.828935E+00              6.655073E+03 
4.630000E-01          1.833045E+00              6.641218E+03 
4.640000E-01          1.837155E+00              6.627488E+03 
4.650000E-01          1.841263E+00              6.614019E+03 
4.660000E-01          1.845372E+00              6.600581E+03 
4.670000E-01          1.849482E+00              6.586712E+03 
4.680000E-01          1.853593E+00              6.572789E+03 
4.690000E-01          1.857700E+00              6.559728E+03 
4.700000E-01          1.861811E+00              6.545902E+03 
4.710000E-01          1.865921E+00              6.532320E+03 
4.720000E-01          1.870029E+00              6.519047E+03 
4.730000E-01          1.874138E+00              6.505616E+03 
4.740000E-01          1.878249E+00              6.491862E+03 
4.750000E-01          1.882360E+00              6.478132E+03 
4.760000E-01          1.886468E+00              6.465061E+03 
4.770000E-01          1.890579E+00              6.451166E+03 
4.780000E-01          1.894689E+00              6.437671E+03 
4.790000E-01          1.898798E+00              6.424572E+03 
4.800000E-01          1.902908E+00              6.411138E+03 
4.810000E-01          1.907019E+00              6.397511E+03 
4.820000E-01          1.911129E+00              6.383952E+03 
4.830000E-01          1.915238E+00              6.370888E+03 
4.840000E-01          1.919350E+00              6.357131E+03 
4.850000E-01          1.923460E+00              6.343641E+03 
4.860000E-01          1.927569E+00              6.330667E+03 
4.870000E-01          1.931679E+00              6.317266E+03 
4.880000E-01          1.935790E+00              6.303785E+03 
4.890000E-01          1.939901E+00              6.290403E+03 
4.900000E-01          1.944010E+00              6.277419E+03 
4.910000E-01          1.948122E+00              6.263807E+03 
4.920000E-01          1.952233E+00              6.250399E+03 
4.930000E-01          1.956342E+00              6.237590E+03 
4.940000E-01          1.960452E+00              6.224318E+03 
4.950000E-01          1.964563E+00              6.210984E+03 
4.960000E-01          1.968674E+00              6.197793E+03 
4.970000E-01          1.972783E+00              6.184926E+03 
4.980000E-01          1.976895E+00              6.171456E+03 
4.990000E-01          1.981006E+00              6.158172E+03 
5.000000E-01          1.985115E+00              6.145453E+03 
