#INST CMOD FORCE
0.00000E+00 0.00000E+00 0.00000E+00
1.00000E-03 1.73770E-03 1.16225E+01
2.00000E-03 3.47545E-03 2.32385E+01
3.00000E-03 5.21323E-03 3.48497E+01
4.00000E-03 6.95105E-03 4.64618E+01
5.00000E-03 8.68891E-03 5.80747E+01
6.00000E-03 1.04268E-02 6.96885E+01
7.00000E-03 1.21647E-02 8.13032E+01
8.00000E-03 1.39027E-02 9.29188E+01
9.00000E-03 1.56407E-02 1.04535E+02
1.00000E-02 1.73788E-02 1.16144E+02
1.10000E-02 1.91170E-02 1.27753E+02
1.20000E-02 2.08556E-02 1.39353E+02
1.30000E-02 2.25944E-02 1.50943E+02
1.40000E-02 2.43334E-02 1.62525E+02
1.50000E-02 2.60727E-02 1.74096E+02
1.60000E-02 2.78125E-02 1.85651E+02
1.70000E-02 2.95525E-02 1.97194E+02
1.80000E-02 3.12929E-02 2.08724E+02
1.90000E-02 3.30336E-02 2.20243E+02
2.00000E-02 3.47747E-02 2.31750E+02
2.10000E-02 3.65161E-02 2.43242E+02
2.20000E-02 3.82579E-02 2.54720E+02
2.30000E-02 4.00000E-02 2.66185E+02
2.40000E-02 4.17425E-02 2.77637E+02
2.50000E-02 4.34853E-02 2.89076E+02
2.60000E-02 4.52284E-02 3.00501E+02
2.70000E-02 4.69720E-02 3.11913E+02
2.80000E-02 4.87159E-02 3.23310E+02
2.90000E-02 5.04601E-02 3.34694E+02
3.00000E-02 5.22047E-02 3.46064E+02
3.10000E-02 5.39497E-02 3.57420E+02
3.20000E-02 5.56950E-02 3.68763E+02
3.30000E-02 5.74407E-02 3.80092E+02
3.40000E-02 5.91867E-02 3.91406E+02
3.50000E-02 6.09332E-02 4.02706E+02
3.60000E-02 6.26800E-02 4.13992E+02
3.70000E-02 6.44272E-02 4.25263E+02
3.80000E-02 6.61747E-02 4.36520E+02
3.90000E-02 6.79226E-02 4.47762E+02
4.00000E-02 6.96709E-02 4.58990E+02
4.10000E-02 7.14196E-02 4.70202E+02
4.20000E-02 7.31687E-02 4.81399E+02
4.30000E-02 7.49182E-02 4.92581E+02
4.40000E-02 7.66680E-02 5.03747E+02
4.50000E-02 7.84183E-02 5.14898E+02
4.60000E-02 8.01690E-02 5.26034E+02
4.70000E-02 8.19200E-02 5.37153E+02
4.80000E-02 8.36715E-02 5.48255E+02
4.90000E-02 8.54234E-02 5.59341E+02
5.00000E-02 8.71757E-02 5.70410E+02
5.10000E-02 8.89285E-02 5.81461E+02
5.20000E-02 9.06817E-02 5.92496E+02
5.30000E-02 9.24353E-02 6.03512E+02
5.40000E-02 9.41894E-02 6.14511E+02
5.50000E-02 9.59439E-02 6.25491E+02
5.60000E-02 9.76989E-02 6.36453E+02
5.70000E-02 9.94544E-02 6.47396E+02
5.80000E-02 1.01210E-01 6.58321E+02
5.90000E-02 1.02967E-01 6.69226E+02
6.00000E-02 1.04724E-01 6.80112E+02
6.10000E-02 1.06481E-01 6.90977E+02
6.20000E-02 1.08239E-01 7.01823E+02
6.30000E-02 1.09997E-01 7.12649E+02
6.40000E-02 1.11756E-01 7.23454E+02
6.50000E-02 1.13515E-01 7.34239E+02
6.60000E-02 1.15275E-01 7.45003E+02
6.70000E-02 1.17035E-01 7.55747E+02
6.80000E-02 1.18796E-01 7.66469E+02
6.90000E-02 1.20557E-01 7.77169E+02
7.00000E-02 1.22319E-01 7.87848E+02
7.10000E-02 1.24082E-01 7.98506E+02
7.20000E-02 1.25845E-01 8.09141E+02
7.30000E-02 1.27608E-01 8.19755E+02
7.40000E-02 1.29372E-01 8.30346E+02
7.50000E-02 1.31136E-01 8.40914E+02
7.60000E-02 1.32901E-01 8.51460E+02
7.70000E-02 1.34667E-01 8.61984E+02
7.80000E-02 1.36433E-01 8.72484E+02
7.90000E-02 1.38200E-01 8.82961E+02
8.00000E-02 1.39967E-01 8.93416E+02
8.10000E-02 1.41735E-01 9.03846E+02
8.20000E-02 1.43503E-01 9.14253E+02
8.30000E-02 1.45272E-01 9.24635E+02
8.40000E-02 1.47041E-01 9.34994E+02
8.50000E-02 1.48811E-01 9.45327E+02
8.60000E-02 1.50582E-01 9.55632E+02
8.70000E-02 1.52353E-01 9.65908E+02
8.80000E-02 1.54126E-01 9.76156E+02
8.90000E-02 1.55898E-01 9.86373E+02
9.00000E-02 1.57672E-01 9.96558E+02
9.10000E-02 1.59446E-01 1.00671E+03
9.20000E-02 1.61221E-01 1.01683E+03
9.30000E-02 1.62997E-01 1.02692E+03
9.40000E-02 1.64773E-01 1.03697E+03
9.50000E-02 1.66551E-01 1.04698E+03
9.60000E-02 1.68329E-01 1.05696E+03
9.70000E-02 1.70108E-01 1.06689E+03
9.80000E-02 1.71888E-01 1.07679E+03
9.90000E-02 1.73669E-01 1.08664E+03
1.00000E-01 1.75452E-01 1.09645E+03
1.01000E-01 1.77235E-01 1.10621E+03
1.02000E-01 1.79019E-01 1.11592E+03
1.03000E-01 1.80805E-01 1.12559E+03
1.04000E-01 1.82591E-01 1.13520E+03
1.05000E-01 1.84379E-01 1.14476E+03
1.06000E-01 1.86168E-01 1.15426E+03
1.07000E-01 1.87959E-01 1.16370E+03
1.08000E-01 1.89750E-01 1.17309E+03
1.09000E-01 1.91543E-01 1.18242E+03
1.10000E-01 1.93338E-01 1.19168E+03
1.11000E-01 1.95134E-01 1.20088E+03
1.12000E-01 1.96931E-01 1.21002E+03
1.13000E-01 1.98730E-01 1.21909E+03
1.14000E-01 2.00530E-01 1.22811E+03
1.15000E-01 2.02332E-01 1.23706E+03
1.16000E-01 2.04135E-01 1.24594E+03
1.17000E-01 2.05939E-01 1.25476E+03
1.18000E-01 2.07746E-01 1.26350E+03
1.19000E-01 2.09554E-01 1.27217E+03
1.20000E-01 2.11363E-01 1.28077E+03
1.21000E-01 2.13174E-01 1.28930E+03
1.22000E-01 2.14987E-01 1.29776E+03
1.23000E-01 2.16801E-01 1.30616E+03
1.24000E-01 2.18616E-01 1.31448E+03
1.25000E-01 2.20434E-01 1.32273E+03
1.26000E-01 2.22253E-01 1.33090E+03
1.27000E-01 2.24074E-01 1.33901E+03
1.28000E-01 2.25896E-01 1.34704E+03
1.29000E-01 2.27720E-01 1.35499E+03
1.30000E-01 2.29546E-01 1.36286E+03
1.31000E-01 2.31373E-01 1.37067E+03
1.32000E-01 2.33202E-01 1.37840E+03
1.33000E-01 2.35033E-01 1.38606E+03
1.34000E-01 2.36864E-01 1.39365E+03
1.35000E-01 2.38698E-01 1.40116E+03
1.36000E-01 2.40534E-01 1.40858E+03
1.37000E-01 2.42371E-01 1.41593E+03
1.38000E-01 2.44209E-01 1.42321E+03
1.39000E-01 2.46050E-01 1.43041E+03
1.40000E-01 2.47892E-01 1.43754E+03
1.41000E-01 2.49736E-01 1.44460E+03
1.42000E-01 2.51581E-01 1.45157E+03
1.43000E-01 2.53428E-01 1.45847E+03
1.44000E-01 2.55277E-01 1.46530E+03
1.45000E-01 2.57128E-01 1.47204E+03
1.46000E-01 2.58980E-01 1.47871E+03
1.47000E-01 2.60834E-01 1.48530E+03
1.48000E-01 2.62690E-01 1.49181E+03
1.49000E-01 2.64548E-01 1.49824E+03
1.50000E-01 2.66407E-01 1.50460E+03
1.51000E-01 2.68268E-01 1.51088E+03
1.52000E-01 2.70130E-01 1.51707E+03
1.53000E-01 2.71995E-01 1.52319E+03
1.54000E-01 2.73861E-01 1.52923E+03
1.55000E-01 2.75729E-01 1.53519E+03
1.56000E-01 2.77599E-01 1.54108E+03
1.57000E-01 2.79470E-01 1.54689E+03
1.58000E-01 2.81343E-01 1.55261E+03
1.59000E-01 2.83218E-01 1.55826E+03
1.60000E-01 2.85094E-01 1.56383E+03
1.61000E-01 2.86973E-01 1.56933E+03
1.62000E-01 2.88853E-01 1.57472E+03
1.63000E-01 2.90735E-01 1.58003E+03
1.64000E-01 2.92619E-01 1.58526E+03
1.65000E-01 2.94506E-01 1.59040E+03
1.66000E-01 2.96394E-01 1.59545E+03
1.67000E-01 2.98284E-01 1.60040E+03
1.68000E-01 3.00176E-01 1.60526E+03
1.69000E-01 3.02071E-01 1.61001E+03
1.70000E-01 3.03969E-01 1.61465E+03
1.71000E-01 3.05869E-01 1.61918E+03
1.72000E-01 3.07771E-01 1.62361E+03
1.73000E-01 3.09675E-01 1.62793E+03
1.74000E-01 3.11582E-01 1.63216E+03
1.75000E-01 3.13491E-01 1.63630E+03
1.76000E-01 3.15403E-01 1.64033E+03
1.77000E-01 3.17317E-01 1.64425E+03
1.78000E-01 3.19233E-01 1.64806E+03
1.79000E-01 3.21152E-01 1.65178E+03
1.80000E-01 3.23074E-01 1.65538E+03
1.81000E-01 3.24998E-01 1.65886E+03
1.82000E-01 3.26926E-01 1.66221E+03
1.83000E-01 3.28856E-01 1.66544E+03
1.84000E-01 3.30789E-01 1.66854E+03
1.85000E-01 3.32726E-01 1.67150E+03
1.86000E-01 3.34667E-01 1.67431E+03
1.87000E-01 3.36611E-01 1.67696E+03
1.88000E-01 3.38559E-01 1.67945E+03
1.89000E-01 3.40511E-01 1.68175E+03
1.90000E-01 3.42468E-01 1.68387E+03
1.91000E-01 3.44429E-01 1.68584E+03
1.92000E-01 3.46392E-01 1.68767E+03
1.93000E-01 3.48359E-01 1.68940E+03
1.94000E-01 3.50327E-01 1.69105E+03
1.95000E-01 3.52296E-01 1.69263E+03
1.96000E-01 3.54267E-01 1.69416E+03
1.97000E-01 3.56239E-01 1.69564E+03
1.98000E-01 3.58213E-01 1.69707E+03
1.99000E-01 3.60187E-01 1.69847E+03
2.00000E-01 3.62162E-01 1.69984E+03
2.01000E-01 3.64138E-01 1.70117E+03
2.02000E-01 3.66114E-01 1.70247E+03
2.03000E-01 3.68091E-01 1.70374E+03
2.04000E-01 3.70069E-01 1.70498E+03
2.05000E-01 3.72048E-01 1.70620E+03
2.06000E-01 3.74027E-01 1.70739E+03
2.07000E-01 3.76007E-01 1.70856E+03
2.08000E-01 3.77987E-01 1.70971E+03
2.09000E-01 3.79968E-01 1.71083E+03
2.10000E-01 3.81950E-01 1.71194E+03
2.11000E-01 3.83931E-01 1.71302E+03
2.12000E-01 3.85914E-01 1.71409E+03
2.13000E-01 3.87896E-01 1.71514E+03
2.14000E-01 3.89880E-01 1.71617E+03
2.15000E-01 3.91863E-01 1.71719E+03
2.16000E-01 3.93847E-01 1.71819E+03
2.17000E-01 3.95832E-01 1.71918E+03
2.18000E-01 3.97816E-01 1.72015E+03
2.19000E-01 3.99801E-01 1.72111E+03
2.20000E-01 4.01787E-01 1.72206E+03
2.21000E-01 4.03773E-01 1.72299E+03
2.22000E-01 4.05759E-01 1.72392E+03
2.23000E-01 4.07745E-01 1.72483E+03
2.24000E-01 4.09732E-01 1.72573E+03
2.25000E-01 4.11718E-01 1.72662E+03
2.26000E-01 4.13706E-01 1.72750E+03
2.27000E-01 4.15693E-01 1.72838E+03
2.28000E-01 4.17681E-01 1.72924E+03
2.29000E-01 4.19668E-01 1.73010E+03
2.30000E-01 4.21656E-01 1.73095E+03
2.31000E-01 4.23645E-01 1.73179E+03
2.32000E-01 4.25633E-01 1.73262E+03
2.33000E-01 4.27622E-01 1.73345E+03
2.34000E-01 4.29611E-01 1.73427E+03
2.35000E-01 4.31600E-01 1.73508E+03
2.36000E-01 4.33589E-01 1.73589E+03
2.37000E-01 4.35578E-01 1.73669E+03
2.38000E-01 4.37568E-01 1.73749E+03
2.39000E-01 4.39558E-01 1.73828E+03
2.40000E-01 4.41547E-01 1.73906E+03
2.41000E-01 4.43537E-01 1.73984E+03
2.42000E-01 4.45528E-01 1.74061E+03
2.43000E-01 4.47518E-01 1.74138E+03
2.44000E-01 4.49508E-01 1.74214E+03
2.45000E-01 4.51499E-01 1.74290E+03
2.46000E-01 4.53490E-01 1.74366E+03
2.47000E-01 4.55481E-01 1.74441E+03
2.48000E-01 4.57472E-01 1.74515E+03
2.49000E-01 4.59463E-01 1.74589E+03
2.50000E-01 4.61454E-01 1.74662E+03
2.51000E-01 4.63446E-01 1.74736E+03
2.52000E-01 4.65437E-01 1.74808E+03
2.53000E-01 4.67429E-01 1.74880E+03
2.54000E-01 4.69421E-01 1.74952E+03
2.55000E-01 4.71413E-01 1.75023E+03
2.56000E-01 4.73405E-01 1.75094E+03
2.57000E-01 4.75398E-01 1.75165E+03
2.58000E-01 4.77390E-01 1.75235E+03
2.59000E-01 4.79383E-01 1.75305E+03
2.60000E-01 4.81375E-01 1.75374E+03
2.61000E-01 4.83368E-01 1.75443E+03
2.62000E-01 4.85361E-01 1.75511E+03
2.63000E-01 4.87354E-01 1.75580E+03
2.64000E-01 4.89347E-01 1.75647E+03
2.65000E-01 4.91340E-01 1.75715E+03
2.66000E-01 4.93334E-01 1.75782E+03
2.67000E-01 4.95327E-01 1.75849E+03
2.68000E-01 4.97321E-01 1.75915E+03
2.69000E-01 4.99314E-01 1.75981E+03
2.70000E-01 5.01308E-01 1.76047E+03
2.71000E-01 5.03302E-01 1.76112E+03
2.72000E-01 5.05296E-01 1.76178E+03
2.73000E-01 5.07290E-01 1.76242E+03
2.74000E-01 5.09284E-01 1.76307E+03
2.75000E-01 5.11279E-01 1.76371E+03
2.76000E-01 5.13273E-01 1.76435E+03
2.77000E-01 5.15268E-01 1.76499E+03
2.78000E-01 5.17262E-01 1.76562E+03
2.79000E-01 5.19257E-01 1.76625E+03
2.80000E-01 5.21252E-01 1.76688E+03
2.81000E-01 5.23247E-01 1.76750E+03
2.82000E-01 5.25242E-01 1.76813E+03
2.83000E-01 5.27237E-01 1.76874E+03
2.84000E-01 5.29232E-01 1.76936E+03
2.85000E-01 5.31228E-01 1.76997E+03
2.86000E-01 5.33223E-01 1.77059E+03
2.87000E-01 5.35219E-01 1.77119E+03
2.88000E-01 5.37214E-01 1.77180E+03
2.89000E-01 5.39210E-01 1.77240E+03
2.90000E-01 5.41206E-01 1.77300E+03
2.91000E-01 5.43202E-01 1.77360E+03
2.92000E-01 5.45198E-01 1.77420E+03
2.93000E-01 5.47194E-01 1.77479E+03
2.94000E-01 5.49190E-01 1.77538E+03
2.95000E-01 5.51186E-01 1.77597E+03
2.96000E-01 5.53183E-01 1.77655E+03
2.97000E-01 5.55179E-01 1.77713E+03
2.98000E-01 5.57176E-01 1.77771E+03
2.99000E-01 5.59172E-01 1.77829E+03
3.00000E-01 5.61169E-01 1.77886E+03
3.01000E-01 5.63166E-01 1.77944E+03
3.02000E-01 5.65163E-01 1.78001E+03
3.03000E-01 5.67160E-01 1.78057E+03
3.04000E-01 5.69157E-01 1.78114E+03
3.05000E-01 5.71154E-01 1.78170E+03
3.06000E-01 5.73152E-01 1.78226E+03
3.07000E-01 5.75149E-01 1.78282E+03
3.08000E-01 5.77146E-01 1.78338E+03
3.09000E-01 5.79144E-01 1.78393E+03
3.10000E-01 5.81142E-01 1.78448E+03
3.11000E-01 5.83139E-01 1.78503E+03
3.12000E-01 5.85137E-01 1.78557E+03
3.13000E-01 5.87135E-01 1.78612E+03
3.14000E-01 5.89133E-01 1.78666E+03
3.15000E-01 5.91131E-01 1.78720E+03
3.16000E-01 5.93129E-01 1.78774E+03
3.17000E-01 5.95128E-01 1.78827E+03
3.18000E-01 5.97126E-01 1.78881E+03
3.19000E-01 5.99124E-01 1.78934E+03
3.20000E-01 6.01123E-01 1.78987E+03
3.21000E-01 6.03121E-01 1.79040E+03
3.22000E-01 6.05120E-01 1.79092E+03
3.23000E-01 6.07119E-01 1.79145E+03
3.24000E-01 6.09118E-01 1.79197E+03
3.25000E-01 6.11116E-01 1.79249E+03
3.26000E-01 6.13115E-01 1.79301E+03
3.27000E-01 6.15114E-01 1.79352E+03
3.28000E-01 6.17113E-01 1.79404E+03
3.29000E-01 6.19113E-01 1.79455E+03
3.30000E-01 6.21112E-01 1.79506E+03
3.31000E-01 6.23111E-01 1.79557E+03
3.32000E-01 6.25111E-01 1.79608E+03
3.33000E-01 6.27110E-01 1.79659E+03
3.34000E-01 6.29110E-01 1.79709E+03
3.35000E-01 6.31109E-01 1.79759E+03
3.36000E-01 6.33109E-01 1.79809E+03
3.37000E-01 6.35109E-01 1.79859E+03
3.38000E-01 6.37109E-01 1.79909E+03
3.39000E-01 6.39108E-01 1.79959E+03
3.40000E-01 6.41108E-01 1.80008E+03
3.41000E-01 6.43108E-01 1.80058E+03
3.42000E-01 6.45109E-01 1.80107E+03
3.43000E-01 6.47109E-01 1.80156E+03
3.44000E-01 6.49109E-01 1.80205E+03
3.45000E-01 6.51109E-01 1.80253E+03
3.46000E-01 6.53110E-01 1.80302E+03
3.47000E-01 6.55110E-01 1.80350E+03
3.48000E-01 6.57111E-01 1.80399E+03
3.49000E-01 6.59111E-01 1.80447E+03
3.50000E-01 6.61112E-01 1.80495E+03
3.51000E-01 6.63113E-01 1.80542E+03
3.52000E-01 6.65114E-01 1.80590E+03
3.53000E-01 6.67114E-01 1.80638E+03
3.54000E-01 6.69115E-01 1.80685E+03
3.55000E-01 6.71116E-01 1.80732E+03
3.56000E-01 6.73117E-01 1.80779E+03
3.57000E-01 6.75119E-01 1.80826E+03
3.58000E-01 6.77120E-01 1.80873E+03
3.59000E-01 6.79121E-01 1.80920E+03
3.60000E-01 6.81122E-01 1.80967E+03
3.61000E-01 6.83124E-01 1.81013E+03
3.62000E-01 6.85125E-01 1.81059E+03
3.63000E-01 6.87127E-01 1.81105E+03
3.64000E-01 6.89128E-01 1.81151E+03
3.65000E-01 6.91130E-01 1.81197E+03
3.66000E-01 6.93132E-01 1.81243E+03
3.67000E-01 6.95133E-01 1.81289E+03
3.68000E-01 6.97135E-01 1.81334E+03
3.69000E-01 6.99137E-01 1.81380E+03
3.70000E-01 7.01139E-01 1.81425E+03
3.71000E-01 7.03141E-01 1.81470E+03
3.72000E-01 7.05143E-01 1.81515E+03
3.73000E-01 7.07146E-01 1.81560E+03
3.74000E-01 7.09148E-01 1.81605E+03
3.75000E-01 7.11150E-01 1.81649E+03
3.76000E-01 7.13152E-01 1.81694E+03
3.77000E-01 7.15155E-01 1.81738E+03
3.78000E-01 7.17157E-01 1.81782E+03
3.79000E-01 7.19160E-01 1.81826E+03
3.80000E-01 7.21162E-01 1.81870E+03
3.81000E-01 7.23165E-01 1.81914E+03
3.82000E-01 7.25168E-01 1.81958E+03
3.83000E-01 7.27171E-01 1.82002E+03
3.84000E-01 7.29174E-01 1.82045E+03
3.85000E-01 7.31176E-01 1.82088E+03
3.86000E-01 7.33179E-01 1.82132E+03
3.87000E-01 7.35183E-01 1.82175E+03
3.88000E-01 7.37186E-01 1.82218E+03
3.89000E-01 7.39189E-01 1.82261E+03
3.90000E-01 7.41192E-01 1.82303E+03
3.91000E-01 7.43195E-01 1.82346E+03
3.92000E-01 7.45199E-01 1.82388E+03
3.93000E-01 7.47202E-01 1.82431E+03
3.94000E-01 7.49206E-01 1.82473E+03
3.95000E-01 7.51209E-01 1.82515E+03
3.96000E-01 7.53213E-01 1.82557E+03
3.97000E-01 7.55217E-01 1.82599E+03
3.98000E-01 7.57220E-01 1.82641E+03
3.99000E-01 7.59224E-01 1.82682E+03
4.00000E-01 7.61228E-01 1.82724E+03
4.01000E-01 7.63232E-01 1.82765E+03
4.02000E-01 7.65236E-01 1.82807E+03
4.03000E-01 7.67240E-01 1.82848E+03
4.04000E-01 7.69244E-01 1.82889E+03
4.05000E-01 7.71248E-01 1.82930E+03
4.06000E-01 7.73253E-01 1.82971E+03
4.07000E-01 7.75257E-01 1.83011E+03
4.08000E-01 7.77261E-01 1.83052E+03
4.09000E-01 7.79266E-01 1.83093E+03
4.10000E-01 7.81270E-01 1.83133E+03
4.11000E-01 7.83275E-01 1.83173E+03
4.12000E-01 7.85279E-01 1.83213E+03
4.13000E-01 7.87284E-01 1.83253E+03
4.14000E-01 7.89289E-01 1.83293E+03
4.15000E-01 7.91294E-01 1.83333E+03
4.16000E-01 7.93298E-01 1.83373E+03
4.17000E-01 7.95303E-01 1.83412E+03
4.18000E-01 7.97308E-01 1.83452E+03
4.19000E-01 7.99313E-01 1.83491E+03
4.20000E-01 8.01318E-01 1.83530E+03
4.21000E-01 8.03324E-01 1.83569E+03
4.22000E-01 8.05329E-01 1.83608E+03
4.23000E-01 8.07334E-01 1.83647E+03
4.24000E-01 8.09340E-01 1.83686E+03
4.25000E-01 8.11345E-01 1.83725E+03
4.26000E-01 8.13350E-01 1.83763E+03
4.27000E-01 8.15356E-01 1.83802E+03
4.28000E-01 8.17362E-01 1.83840E+03
4.29000E-01 8.19367E-01 1.83878E+03
4.30000E-01 8.21373E-01 1.83916E+03
4.31000E-01 8.23379E-01 1.83954E+03
4.32000E-01 8.25384E-01 1.83992E+03
4.33000E-01 8.27390E-01 1.84030E+03
4.34000E-01 8.29396E-01 1.84068E+03
4.35000E-01 8.31402E-01 1.84106E+03
4.36000E-01 8.33408E-01 1.84143E+03
4.37000E-01 8.35414E-01 1.84181E+03
4.38000E-01 8.37421E-01 1.84218E+03
4.39000E-01 8.39427E-01 1.84255E+03
4.40000E-01 8.41433E-01 1.84292E+03
4.41000E-01 8.43440E-01 1.84329E+03
4.42000E-01 8.45446E-01 1.84366E+03
4.43000E-01 8.47452E-01 1.84403E+03
4.44000E-01 8.49459E-01 1.84440E+03
4.45000E-01 8.51466E-01 1.84476E+03
4.46000E-01 8.53472E-01 1.84513E+03
4.47000E-01 8.55479E-01 1.84549E+03
4.48000E-01 8.57486E-01 1.84585E+03
4.49000E-01 8.59492E-01 1.84622E+03
4.50000E-01 8.61499E-01 1.84658E+03
4.51000E-01 8.63506E-01 1.84694E+03
4.52000E-01 8.65513E-01 1.84730E+03
4.53000E-01 8.67520E-01 1.84765E+03
4.54000E-01 8.69527E-01 1.84801E+03
4.55000E-01 8.71535E-01 1.84837E+03
4.56000E-01 8.73542E-01 1.84872E+03
4.57000E-01 8.75549E-01 1.84908E+03
4.58000E-01 8.77556E-01 1.84943E+03
4.59000E-01 8.79564E-01 1.84978E+03
4.60000E-01 8.81571E-01 1.85013E+03
4.61000E-01 8.83579E-01 1.85048E+03
4.62000E-01 8.85586E-01 1.85083E+03
4.63000E-01 8.87594E-01 1.85118E+03
4.64000E-01 8.89602E-01 1.85153E+03
4.65000E-01 8.91609E-01 1.85188E+03
4.66000E-01 8.93617E-01 1.85222E+03
4.67000E-01 8.95625E-01 1.85257E+03
4.68000E-01 8.97633E-01 1.85291E+03
4.69000E-01 8.99641E-01 1.85326E+03
4.70000E-01 9.01649E-01 1.85360E+03
4.71000E-01 9.03657E-01 1.85394E+03
4.72000E-01 9.05665E-01 1.85428E+03
4.73000E-01 9.07673E-01 1.85462E+03
4.74000E-01 9.09682E-01 1.85496E+03
4.75000E-01 9.11690E-01 1.85529E+03
4.76000E-01 9.13698E-01 1.85563E+03
4.77000E-01 9.15707E-01 1.85597E+03
4.78000E-01 9.17715E-01 1.85630E+03
4.79000E-01 9.19724E-01 1.85663E+03
4.80000E-01 9.21732E-01 1.85697E+03
4.81000E-01 9.23741E-01 1.85730E+03
4.82000E-01 9.25749E-01 1.85763E+03
4.83000E-01 9.27758E-01 1.85796E+03
4.84000E-01 9.29767E-01 1.85829E+03
4.85000E-01 9.31776E-01 1.85862E+03
4.86000E-01 9.33785E-01 1.85895E+03
4.87000E-01 9.35794E-01 1.85927E+03
4.88000E-01 9.37803E-01 1.85960E+03
4.89000E-01 9.39812E-01 1.85992E+03
4.90000E-01 9.41821E-01 1.86025E+03
4.91000E-01 9.43830E-01 1.86057E+03
4.92000E-01 9.45839E-01 1.86089E+03
4.93000E-01 9.47849E-01 1.86122E+03
4.94000E-01 9.49858E-01 1.86154E+03
4.95000E-01 9.51867E-01 1.86186E+03
4.96000E-01 9.53877E-01 1.86218E+03
4.97000E-01 9.55886E-01 1.86249E+03
4.98000E-01 9.57896E-01 1.86281E+03
4.99000E-01 9.59906E-01 1.86313E+03
5.00000E-01 9.61915E-01 1.86344E+03
5.01000E-01 9.63925E-01 1.86376E+03
5.02000E-01 9.65935E-01 1.86407E+03
5.03000E-01 9.67945E-01 1.86438E+03
5.04000E-01 9.69955E-01 1.86470E+03
5.05000E-01 9.71965E-01 1.86501E+03
5.06000E-01 9.73975E-01 1.86532E+03
5.07000E-01 9.75985E-01 1.86563E+03
5.08000E-01 9.77995E-01 1.86593E+03
5.09000E-01 9.80005E-01 1.86624E+03
5.10000E-01 9.82015E-01 1.86655E+03
5.11000E-01 9.84025E-01 1.86685E+03
5.12000E-01 9.86036E-01 1.86716E+03
5.13000E-01 9.88046E-01 1.86746E+03
5.14000E-01 9.90057E-01 1.86777E+03
5.15000E-01 9.92067E-01 1.86807E+03
5.16000E-01 9.94078E-01 1.86837E+03
5.17000E-01 9.96088E-01 1.86867E+03
5.18000E-01 9.98099E-01 1.86897E+03
5.19000E-01 1.00011E+00 1.86927E+03
5.20000E-01 1.00212E+00 1.86957E+03
5.21000E-01 1.00413E+00 1.86987E+03
5.22000E-01 1.00614E+00 1.87016E+03
5.23000E-01 1.00815E+00 1.87046E+03
5.24000E-01 1.01016E+00 1.87075E+03
5.25000E-01 1.01218E+00 1.87105E+03
5.26000E-01 1.01419E+00 1.87134E+03
5.27000E-01 1.01620E+00 1.87163E+03
5.28000E-01 1.01821E+00 1.87192E+03
5.29000E-01 1.02022E+00 1.87221E+03
5.30000E-01 1.02223E+00 1.87250E+03
5.31000E-01 1.02424E+00 1.87279E+03
5.32000E-01 1.02625E+00 1.87308E+03
5.33000E-01 1.02827E+00 1.87337E+03
5.34000E-01 1.03028E+00 1.87366E+03
5.35000E-01 1.03229E+00 1.87394E+03
5.36000E-01 1.03430E+00 1.87423E+03
5.37000E-01 1.03631E+00 1.87451E+03
5.38000E-01 1.03832E+00 1.87479E+03
5.39000E-01 1.04034E+00 1.87507E+03
5.40000E-01 1.04235E+00 1.87536E+03
5.41000E-01 1.04436E+00 1.87564E+03
5.42000E-01 1.04637E+00 1.87592E+03
5.43000E-01 1.04838E+00 1.87619E+03
5.44000E-01 1.05040E+00 1.87647E+03
5.45000E-01 1.05241E+00 1.87675E+03
5.46000E-01 1.05442E+00 1.87703E+03
5.47000E-01 1.05643E+00 1.87730E+03
5.48000E-01 1.05844E+00 1.87758E+03
5.49000E-01 1.06046E+00 1.87785E+03
5.50000E-01 1.06247E+00 1.87812E+03
5.51000E-01 1.06448E+00 1.87840E+03
5.52000E-01 1.06649E+00 1.87867E+03
5.53000E-01 1.06851E+00 1.87894E+03
5.54000E-01 1.07052E+00 1.87921E+03
5.55000E-01 1.07253E+00 1.87948E+03
5.56000E-01 1.07455E+00 1.87975E+03
5.57000E-01 1.07656E+00 1.88001E+03
5.58000E-01 1.07857E+00 1.88028E+03
5.59000E-01 1.08058E+00 1.88055E+03
5.60000E-01 1.08260E+00 1.88081E+03
5.61000E-01 1.08461E+00 1.88107E+03
5.62000E-01 1.08662E+00 1.88134E+03
5.63000E-01 1.08864E+00 1.88160E+03
5.64000E-01 1.09065E+00 1.88186E+03
5.65000E-01 1.09266E+00 1.88212E+03
5.66000E-01 1.09468E+00 1.88238E+03
5.67000E-01 1.09669E+00 1.88264E+03
5.68000E-01 1.09870E+00 1.88290E+03
5.69000E-01 1.10072E+00 1.88316E+03
5.70000E-01 1.10273E+00 1.88341E+03
5.71000E-01 1.10474E+00 1.88367E+03
5.72000E-01 1.10676E+00 1.88393E+03
5.73000E-01 1.10877E+00 1.88418E+03
5.74000E-01 1.11078E+00 1.88443E+03
5.75000E-01 1.11280E+00 1.88469E+03
5.76000E-01 1.11481E+00 1.88494E+03
5.77000E-01 1.11683E+00 1.88519E+03
5.78000E-01 1.11884E+00 1.88544E+03
5.79000E-01 1.12085E+00 1.88569E+03
5.80000E-01 1.12287E+00 1.88594E+03
5.81000E-01 1.12488E+00 1.88619E+03
5.82000E-01 1.12690E+00 1.88643E+03
5.83000E-01 1.12891E+00 1.88668E+03
5.84000E-01 1.13092E+00 1.88693E+03
5.85000E-01 1.13294E+00 1.88717E+03
5.86000E-01 1.13495E+00 1.88741E+03
5.87000E-01 1.13697E+00 1.88766E+03
5.88000E-01 1.13898E+00 1.88790E+03
5.89000E-01 1.14100E+00 1.88814E+03
5.90000E-01 1.14301E+00 1.88838E+03
5.91000E-01 1.14503E+00 1.88862E+03
5.92000E-01 1.14704E+00 1.88886E+03
5.93000E-01 1.14906E+00 1.88910E+03
5.94000E-01 1.15107E+00 1.88934E+03
5.95000E-01 1.15308E+00 1.88957E+03
5.96000E-01 1.15510E+00 1.88981E+03
5.97000E-01 1.15711E+00 1.89004E+03
5.98000E-01 1.15913E+00 1.89028E+03
5.99000E-01 1.16114E+00 1.89051E+03
6.00000E-01 1.16316E+00 1.89074E+03
6.01000E-01 1.16518E+00 1.89097E+03
6.02000E-01 1.16719E+00 1.89121E+03
6.03000E-01 1.16921E+00 1.89144E+03
6.04000E-01 1.17122E+00 1.89166E+03
6.05000E-01 1.17324E+00 1.89189E+03
6.06000E-01 1.17525E+00 1.89212E+03
6.07000E-01 1.17727E+00 1.89235E+03
6.08000E-01 1.17928E+00 1.89257E+03
6.09000E-01 1.18130E+00 1.89280E+03
6.10000E-01 1.18331E+00 1.89302E+03
6.11000E-01 1.18533E+00 1.89325E+03
6.12000E-01 1.18735E+00 1.89347E+03
6.13000E-01 1.18936E+00 1.89369E+03
6.14000E-01 1.19138E+00 1.89391E+03
6.15000E-01 1.19339E+00 1.89413E+03
6.16000E-01 1.19541E+00 1.89435E+03
6.17000E-01 1.19743E+00 1.89457E+03
6.18000E-01 1.19944E+00 1.89478E+03
6.19000E-01 1.20146E+00 1.89500E+03
6.20000E-01 1.20347E+00 1.89522E+03
6.21000E-01 1.20549E+00 1.89543E+03
6.22000E-01 1.20751E+00 1.89565E+03
6.23000E-01 1.20952E+00 1.89586E+03
6.24000E-01 1.21154E+00 1.89607E+03
6.25000E-01 1.21356E+00 1.89628E+03
6.26000E-01 1.21557E+00 1.89649E+03
6.27000E-01 1.21759E+00 1.89669E+03
6.28000E-01 1.21961E+00 1.89689E+03
6.29000E-01 1.22162E+00 1.89709E+03
6.30000E-01 1.22364E+00 1.89729E+03
6.31000E-01 1.22566E+00 1.89748E+03
6.32000E-01 1.22768E+00 1.89767E+03
6.33000E-01 1.22969E+00 1.89786E+03
6.34000E-01 1.23171E+00 1.89804E+03
6.35000E-01 1.23373E+00 1.89823E+03
6.36000E-01 1.23575E+00 1.89841E+03
6.37000E-01 1.23776E+00 1.89858E+03
6.38000E-01 1.23978E+00 1.89875E+03
6.39000E-01 1.24180E+00 1.89892E+03
6.40000E-01 1.24382E+00 1.89908E+03
6.41000E-01 1.24584E+00 1.89923E+03
6.42000E-01 1.24785E+00 1.89938E+03
6.43000E-01 1.24987E+00 1.89952E+03
6.44000E-01 1.25189E+00 1.89966E+03
6.45000E-01 1.25391E+00 1.89979E+03
6.46000E-01 1.25593E+00 1.89991E+03
6.47000E-01 1.25795E+00 1.90003E+03
6.48000E-01 1.25997E+00 1.90013E+03
6.49000E-01 1.26199E+00 1.90023E+03
6.50000E-01 1.26401E+00 1.90031E+03
6.51000E-01 1.26603E+00 1.90039E+03
6.52000E-01 1.26805E+00 1.90045E+03
6.53000E-01 1.27007E+00 1.90049E+03
6.54000E-01 1.27209E+00 1.90051E+03
6.55000E-01 1.27412E+00 1.90051E+03
6.56000E-01 1.27614E+00 1.90049E+03
6.57000E-01 1.27816E+00 1.90044E+03
6.58000E-01 1.28019E+00 1.90035E+03
6.59000E-01 1.28221E+00 1.90024E+03
6.60000E-01 1.28424E+00 1.90007E+03
6.61000E-01 1.28627E+00 1.89985E+03
6.62000E-01 1.28829E+00 1.89956E+03
6.63000E-01 1.29032E+00 1.89919E+03
6.64000E-01 1.29236E+00 1.89872E+03
6.65000E-01 1.29439E+00 1.89814E+03
6.66000E-01 1.29643E+00 1.89745E+03
6.67000E-01 1.29847E+00 1.89662E+03
6.68000E-01 1.30051E+00 1.89565E+03
6.69000E-01 1.30256E+00 1.89452E+03
6.70000E-01 1.30461E+00 1.89325E+03
6.71000E-01 1.30667E+00 1.89180E+03
6.72000E-01 1.30873E+00 1.89017E+03
6.73000E-01 1.31079E+00 1.88838E+03
6.74000E-01 1.31285E+00 1.88639E+03
6.75000E-01 1.31492E+00 1.88422E+03
6.76000E-01 1.31700E+00 1.88188E+03
6.77000E-01 1.31908E+00 1.87932E+03
6.78000E-01 1.32116E+00 1.87651E+03
6.79000E-01 1.32324E+00 1.87385E+03
6.80000E-01 1.32531E+00 1.87174E+03
6.81000E-01 1.32737E+00 1.87001E+03
6.82000E-01 1.32943E+00 1.86852E+03
6.83000E-01 1.33148E+00 1.86710E+03
6.84000E-01 1.33353E+00 1.86580E+03
6.85000E-01 1.33559E+00 1.86450E+03
6.86000E-01 1.33763E+00 1.86335E+03
6.87000E-01 1.33968E+00 1.86222E+03
6.88000E-01 1.34173E+00 1.86107E+03
6.89000E-01 1.34378E+00 1.85993E+03
6.90000E-01 1.34583E+00 1.85883E+03
6.91000E-01 1.34787E+00 1.85772E+03
6.92000E-01 1.34992E+00 1.85672E+03
6.93000E-01 1.35197E+00 1.85569E+03
6.94000E-01 1.35401E+00 1.85461E+03
6.95000E-01 1.35606E+00 1.85348E+03
6.96000E-01 1.35811E+00 1.85234E+03
6.97000E-01 1.36016E+00 1.85124E+03
6.98000E-01 1.36221E+00 1.85013E+03
6.99000E-01 1.36425E+00 1.84915E+03
7.00000E-01 1.36630E+00 1.84818E+03
7.01000E-01 1.36834E+00 1.84718E+03
7.02000E-01 1.37039E+00 1.84609E+03
7.03000E-01 1.37244E+00 1.84494E+03
7.04000E-01 1.37448E+00 1.84394E+03
7.05000E-01 1.37653E+00 1.84296E+03
7.06000E-01 1.37858E+00 1.84191E+03
7.07000E-01 1.38062E+00 1.84095E+03
7.08000E-01 1.38267E+00 1.84003E+03
7.09000E-01 1.38471E+00 1.83908E+03
7.10000E-01 1.38676E+00 1.83806E+03
7.11000E-01 1.38880E+00 1.83695E+03
7.12000E-01 1.39085E+00 1.83595E+03
7.13000E-01 1.39290E+00 1.83495E+03
7.14000E-01 1.39494E+00 1.83390E+03
7.15000E-01 1.39699E+00 1.83284E+03
7.16000E-01 1.39904E+00 1.83182E+03
7.17000E-01 1.40109E+00 1.83078E+03
7.18000E-01 1.40313E+00 1.82967E+03
7.19000E-01 1.40518E+00 1.82850E+03
7.20000E-01 1.40723E+00 1.82740E+03
7.21000E-01 1.40928E+00 1.82628E+03
7.22000E-01 1.41133E+00 1.82526E+03
7.23000E-01 1.41338E+00 1.82424E+03
7.24000E-01 1.41542E+00 1.82316E+03
7.25000E-01 1.41747E+00 1.82203E+03
7.26000E-01 1.41952E+00 1.82091E+03
7.27000E-01 1.42157E+00 1.81982E+03
7.28000E-01 1.42362E+00 1.81869E+03
7.29000E-01 1.42567E+00 1.81763E+03
7.30000E-01 1.42772E+00 1.81664E+03
7.31000E-01 1.42976E+00 1.81558E+03
7.32000E-01 1.43181E+00 1.81445E+03
7.33000E-01 1.43387E+00 1.81328E+03
7.34000E-01 1.43591E+00 1.81224E+03
7.35000E-01 1.43796E+00 1.81118E+03
7.36000E-01 1.44001E+00 1.81004E+03
7.37000E-01 1.44206E+00 1.80902E+03
7.38000E-01 1.44411E+00 1.80802E+03
7.39000E-01 1.44615E+00 1.80698E+03
7.40000E-01 1.44820E+00 1.80586E+03
7.41000E-01 1.45026E+00 1.80470E+03
7.42000E-01 1.45230E+00 1.80364E+03
7.43000E-01 1.45435E+00 1.80259E+03
7.44000E-01 1.45640E+00 1.80153E+03
7.45000E-01 1.45845E+00 1.80057E+03
7.46000E-01 1.46049E+00 1.79958E+03
7.47000E-01 1.46254E+00 1.79855E+03
7.48000E-01 1.46459E+00 1.79745E+03
7.49000E-01 1.46664E+00 1.79630E+03
7.50000E-01 1.46869E+00 1.79525E+03
7.51000E-01 1.47074E+00 1.79419E+03
7.52000E-01 1.47279E+00 1.79308E+03
7.53000E-01 1.47484E+00 1.79208E+03
7.54000E-01 1.47689E+00 1.79111E+03
7.55000E-01 1.47893E+00 1.79012E+03
7.56000E-01 1.48098E+00 1.78909E+03
7.57000E-01 1.48303E+00 1.78800E+03
7.58000E-01 1.48508E+00 1.78694E+03
7.59000E-01 1.48713E+00 1.78594E+03
7.60000E-01 1.48918E+00 1.78490E+03
7.61000E-01 1.49123E+00 1.78387E+03
7.62000E-01 1.49327E+00 1.78297E+03
7.63000E-01 1.49532E+00 1.78202E+03
7.64000E-01 1.49737E+00 1.78101E+03
7.65000E-01 1.49942E+00 1.77995E+03
7.66000E-01 1.50147E+00 1.77881E+03
7.67000E-01 1.50352E+00 1.77779E+03
7.68000E-01 1.50557E+00 1.77677E+03
7.69000E-01 1.50762E+00 1.77570E+03
7.70000E-01 1.50966E+00 1.77472E+03
7.71000E-01 1.51171E+00 1.77382E+03
7.72000E-01 1.51376E+00 1.77286E+03
7.73000E-01 1.51581E+00 1.77182E+03
7.74000E-01 1.51786E+00 1.77071E+03
7.75000E-01 1.51991E+00 1.76961E+03
7.76000E-01 1.52196E+00 1.76859E+03
7.77000E-01 1.52401E+00 1.76756E+03
7.78000E-01 1.52606E+00 1.76648E+03
7.79000E-01 1.52811E+00 1.76544E+03
7.80000E-01 1.53015E+00 1.76450E+03
7.81000E-01 1.53220E+00 1.76352E+03
7.82000E-01 1.53425E+00 1.76246E+03
7.83000E-01 1.53630E+00 1.76133E+03
7.84000E-01 1.53836E+00 1.76017E+03
7.85000E-01 1.54041E+00 1.75914E+03
7.86000E-01 1.54246E+00 1.75809E+03
7.87000E-01 1.54451E+00 1.75698E+03
7.88000E-01 1.54655E+00 1.75607E+03
7.89000E-01 1.54860E+00 1.75517E+03
7.90000E-01 1.55065E+00 1.75420E+03
7.91000E-01 1.55270E+00 1.75315E+03
7.92000E-01 1.55475E+00 1.75205E+03
7.93000E-01 1.55680E+00 1.75095E+03
7.94000E-01 1.55885E+00 1.74999E+03
7.95000E-01 1.56090E+00 1.74901E+03
7.96000E-01 1.56295E+00 1.74797E+03
7.97000E-01 1.56500E+00 1.74700E+03
7.98000E-01 1.56704E+00 1.74611E+03
7.99000E-01 1.56909E+00 1.74520E+03
8.00000E-01 1.57114E+00 1.74422E+03
8.01000E-01 1.57319E+00 1.74315E+03
8.02000E-01 1.57524E+00 1.74202E+03
8.03000E-01 1.57729E+00 1.74107E+03
8.04000E-01 1.57934E+00 1.74011E+03
8.05000E-01 1.58139E+00 1.73910E+03
8.06000E-01 1.58344E+00 1.73807E+03
8.07000E-01 1.58549E+00 1.73717E+03
8.08000E-01 1.58754E+00 1.73628E+03
8.09000E-01 1.58958E+00 1.73537E+03
8.10000E-01 1.59163E+00 1.73440E+03
8.11000E-01 1.59369E+00 1.73334E+03
8.12000E-01 1.59574E+00 1.73231E+03
8.13000E-01 1.59778E+00 1.73140E+03
8.14000E-01 1.59983E+00 1.73043E+03
8.15000E-01 1.60188E+00 1.72946E+03
8.16000E-01 1.60393E+00 1.72864E+03
8.17000E-01 1.60597E+00 1.72781E+03
8.18000E-01 1.60802E+00 1.72696E+03
8.19000E-01 1.61007E+00 1.72602E+03
8.20000E-01 1.61212E+00 1.72500E+03
8.21000E-01 1.61417E+00 1.72390E+03
8.22000E-01 1.61622E+00 1.72298E+03
8.23000E-01 1.61827E+00 1.72207E+03
8.24000E-01 1.62032E+00 1.72110E+03
8.25000E-01 1.62237E+00 1.72009E+03
8.26000E-01 1.62442E+00 1.71924E+03
8.27000E-01 1.62646E+00 1.71840E+03
8.28000E-01 1.62851E+00 1.71753E+03
8.29000E-01 1.63056E+00 1.71658E+03
8.30000E-01 1.63261E+00 1.71554E+03
8.31000E-01 1.63467E+00 1.71444E+03
8.32000E-01 1.63671E+00 1.71350E+03
8.33000E-01 1.63876E+00 1.71259E+03
8.34000E-01 1.64081E+00 1.71168E+03
8.35000E-01 1.64286E+00 1.71077E+03
8.36000E-01 1.64491E+00 1.71002E+03
8.37000E-01 1.64695E+00 1.70924E+03
8.38000E-01 1.64900E+00 1.70843E+03
8.39000E-01 1.65105E+00 1.70757E+03
8.40000E-01 1.65310E+00 1.70661E+03
8.41000E-01 1.65515E+00 1.70557E+03
8.42000E-01 1.65720E+00 1.70466E+03
8.43000E-01 1.65925E+00 1.70379E+03
8.44000E-01 1.66129E+00 1.70289E+03
8.45000E-01 1.66334E+00 1.70201E+03
8.46000E-01 1.66539E+00 1.70126E+03
8.47000E-01 1.66743E+00 1.70049E+03
8.48000E-01 1.66948E+00 1.69968E+03
8.49000E-01 1.67153E+00 1.69882E+03
8.50000E-01 1.67358E+00 1.69788E+03
8.51000E-01 1.67563E+00 1.69686E+03
8.52000E-01 1.67768E+00 1.69595E+03
8.53000E-01 1.67973E+00 1.69510E+03
8.54000E-01 1.68178E+00 1.69423E+03
8.55000E-01 1.68383E+00 1.69332E+03
8.56000E-01 1.68587E+00 1.69246E+03
8.57000E-01 1.68792E+00 1.69170E+03
8.58000E-01 1.68997E+00 1.69090E+03
8.59000E-01 1.69202E+00 1.69007E+03
8.60000E-01 1.69406E+00 1.68919E+03
8.61000E-01 1.69612E+00 1.68824E+03
8.62000E-01 1.69817E+00 1.68719E+03
8.63000E-01 1.70022E+00 1.68631E+03
8.64000E-01 1.70227E+00 1.68545E+03
8.65000E-01 1.70431E+00 1.68459E+03
8.66000E-01 1.70636E+00 1.68372E+03
8.67000E-01 1.70841E+00 1.68304E+03
8.68000E-01 1.71045E+00 1.68235E+03
8.69000E-01 1.71250E+00 1.68160E+03
8.70000E-01 1.71455E+00 1.68082E+03
8.71000E-01 1.71660E+00 1.67999E+03
8.72000E-01 1.71865E+00 1.67907E+03
8.73000E-01 1.72070E+00 1.67811E+03
8.74000E-01 1.72275E+00 1.67729E+03
8.75000E-01 1.72479E+00 1.67647E+03
8.76000E-01 1.72684E+00 1.67565E+03
8.77000E-01 1.72889E+00 1.67479E+03
8.78000E-01 1.73094E+00 1.67408E+03
8.79000E-01 1.73298E+00 1.67335E+03
8.80000E-01 1.73503E+00 1.67259E+03
8.81000E-01 1.73708E+00 1.67179E+03
8.82000E-01 1.73913E+00 1.67094E+03
8.83000E-01 1.74118E+00 1.67001E+03
8.84000E-01 1.74323E+00 1.66904E+03
8.85000E-01 1.74528E+00 1.66821E+03
8.86000E-01 1.74733E+00 1.66739E+03
8.87000E-01 1.74938E+00 1.66655E+03
8.88000E-01 1.75143E+00 1.66565E+03
8.89000E-01 1.75347E+00 1.66491E+03
8.90000E-01 1.75552E+00 1.66416E+03
8.91000E-01 1.75757E+00 1.66337E+03
8.92000E-01 1.75962E+00 1.66253E+03
8.93000E-01 1.76167E+00 1.66162E+03
8.94000E-01 1.76372E+00 1.66061E+03
8.95000E-01 1.76578E+00 1.65957E+03
8.96000E-01 1.76783E+00 1.65866E+03
8.97000E-01 1.76988E+00 1.65780E+03
8.98000E-01 1.77193E+00 1.65691E+03
8.99000E-01 1.77398E+00 1.65608E+03
9.00000E-01 1.77602E+00 1.65533E+03
9.01000E-01 1.77807E+00 1.65456E+03
9.02000E-01 1.78012E+00 1.65376E+03
9.03000E-01 1.78217E+00 1.65292E+03
9.04000E-01 1.78422E+00 1.65198E+03
9.05000E-01 1.78628E+00 1.65095E+03
9.06000E-01 1.78833E+00 1.65002E+03
9.07000E-01 1.79038E+00 1.64916E+03
9.08000E-01 1.79243E+00 1.64829E+03
9.09000E-01 1.79448E+00 1.64736E+03
9.10000E-01 1.79653E+00 1.64648E+03
9.11000E-01 1.79858E+00 1.64568E+03
9.12000E-01 1.80063E+00 1.64486E+03
9.13000E-01 1.80268E+00 1.64400E+03
9.14000E-01 1.80473E+00 1.64307E+03
9.15000E-01 1.80679E+00 1.64206E+03
9.16000E-01 1.80884E+00 1.64100E+03
9.17000E-01 1.81089E+00 1.64010E+03
9.18000E-01 1.81294E+00 1.63923E+03
9.19000E-01 1.81500E+00 1.63832E+03
9.20000E-01 1.81705E+00 1.63750E+03
9.21000E-01 1.81909E+00 1.63673E+03
9.22000E-01 1.82114E+00 1.63595E+03
9.23000E-01 1.82319E+00 1.63512E+03
9.24000E-01 1.82524E+00 1.63424E+03
9.25000E-01 1.82730E+00 1.63326E+03
9.26000E-01 1.82935E+00 1.63219E+03
9.27000E-01 1.83141E+00 1.63129E+03
9.28000E-01 1.83346E+00 1.63041E+03
9.29000E-01 1.83551E+00 1.62950E+03
9.30000E-01 1.83756E+00 1.62855E+03
9.31000E-01 1.83961E+00 1.62776E+03
9.32000E-01 1.84166E+00 1.62699E+03
9.33000E-01 1.84371E+00 1.62620E+03
9.34000E-01 1.84576E+00 1.62536E+03
9.35000E-01 1.84781E+00 1.62444E+03
9.36000E-01 1.84987E+00 1.62343E+03
9.37000E-01 1.85192E+00 1.62247E+03
9.38000E-01 1.85397E+00 1.62160E+03
9.39000E-01 1.85602E+00 1.62075E+03
9.40000E-01 1.85808E+00 1.61984E+03
9.41000E-01 1.86013E+00 1.61911E+03
9.42000E-01 1.86217E+00 1.61837E+03
9.43000E-01 1.86422E+00 1.61759E+03
9.44000E-01 1.86627E+00 1.61677E+03
9.45000E-01 1.86833E+00 1.61590E+03
9.46000E-01 1.87038E+00 1.61494E+03
9.47000E-01 1.87243E+00 1.61398E+03
9.48000E-01 1.87449E+00 1.61313E+03
9.49000E-01 1.87654E+00 1.61230E+03
9.50000E-01 1.87859E+00 1.61145E+03
9.51000E-01 1.88064E+00 1.61056E+03
9.52000E-01 1.88269E+00 1.60982E+03
9.53000E-01 1.88474E+00 1.60907E+03
9.54000E-01 1.88679E+00 1.60829E+03
9.55000E-01 1.88884E+00 1.60746E+03
9.56000E-01 1.89089E+00 1.60659E+03
9.57000E-01 1.89295E+00 1.60563E+03
9.58000E-01 1.89500E+00 1.60468E+03
9.59000E-01 1.89705E+00 1.60384E+03
9.60000E-01 1.89911E+00 1.60301E+03
9.61000E-01 1.90116E+00 1.60217E+03
9.62000E-01 1.90321E+00 1.60145E+03
9.63000E-01 1.90525E+00 1.60077E+03
9.64000E-01 1.90730E+00 1.60005E+03
9.65000E-01 1.90935E+00 1.59928E+03
9.66000E-01 1.91140E+00 1.59847E+03
9.67000E-01 1.91346E+00 1.59763E+03
9.68000E-01 1.91551E+00 1.59671E+03
9.69000E-01 1.91756E+00 1.59584E+03
9.70000E-01 1.91961E+00 1.59504E+03
9.71000E-01 1.92167E+00 1.59424E+03
9.72000E-01 1.92372E+00 1.59343E+03
9.73000E-01 1.92577E+00 1.59258E+03
9.74000E-01 1.92782E+00 1.59189E+03
9.75000E-01 1.92987E+00 1.59119E+03
9.76000E-01 1.93192E+00 1.59044E+03
9.77000E-01 1.93397E+00 1.58966E+03
9.78000E-01 1.93602E+00 1.58883E+03
9.79000E-01 1.93807E+00 1.58794E+03
9.80000E-01 1.94013E+00 1.58697E+03
9.81000E-01 1.94218E+00 1.58614E+03
9.82000E-01 1.94423E+00 1.58535E+03
9.83000E-01 1.94629E+00 1.58455E+03
9.84000E-01 1.94834E+00 1.58376E+03
9.85000E-01 1.95038E+00 1.58312E+03
9.86000E-01 1.95243E+00 1.58248E+03
9.87000E-01 1.95448E+00 1.58179E+03
9.88000E-01 1.95653E+00 1.58105E+03
9.89000E-01 1.95858E+00 1.58028E+03
9.90000E-01 1.96064E+00 1.57945E+03
9.91000E-01 1.96269E+00 1.57855E+03
9.92000E-01 1.96474E+00 1.57771E+03
9.93000E-01 1.96679E+00 1.57693E+03
9.94000E-01 1.96885E+00 1.57616E+03
9.95000E-01 1.97090E+00 1.57537E+03
9.96000E-01 1.97295E+00 1.57453E+03
9.97000E-01 1.97500E+00 1.57384E+03
9.98000E-01 1.97705E+00 1.57314E+03
9.99000E-01 1.97910E+00 1.57241E+03
1.00000E+00 1.98115E+00 1.57164E+03
  
