     0.000000000000000       0.000000000000000 
     0.001000000000000       0.000000000000000 
     0.002000000000000       0.000000000000000 
     0.003000000000000       0.000000000000000 
     0.004000000000000       0.000000000000000 
     0.005000000000000       0.000000000000000 
     0.006000000000000       0.000000000000000 
     0.007000000000000       0.000000000000000 
     0.008000000000000       0.000000000000000 
     0.009000000000000       0.000000000000000 
     0.010000000000000       0.000000000000000 
     0.011000000000000       0.000000000000000 
     0.012000000000000       0.000000000000000 
     0.013000000000000       0.000000000000000 
     0.014000000000000       0.000000000000000 
     0.015000000000000       0.000000000000000 
     0.016000000000000       0.000000000000000 
     0.017000000000000       0.000000000000000 
     0.018000000000000       0.000000000000000 
     0.019000000000000       0.000000000000000 
     0.020000000000000       0.000000000000000 
     0.021000000000000       0.000000000000000 
     0.022000000000000       0.000000000000000 
     0.023000000000000       0.000000000000000 
     0.024000000000000       0.000000000000000 
     0.025000000000000       0.000000000000000 
     0.026000000000000       0.000000000000000 
     0.027000000000000       0.000000000000000 
     0.028000000000000       0.000000000000000 
     0.029000000000000       0.000000000000000 
     0.030000000000000       0.000000000000000 
     0.031000000000000       0.000000000000000 
     0.032000000000000       0.000000000000000 
     0.033000000000000       0.000000000000000 
     0.034000000000000       0.000000000000000 
     0.035000000000000       0.000000000000000 
     0.036000000000000       0.000000000000000 
     0.037000000000000       0.000000000000000 
     0.038000000000000       0.000000000000000 
     0.039000000000000       0.000000000000000 
     0.040000000000000       0.000000000000000 
     0.041000000000000       0.000000000000000 
     0.042000000000000       0.000000000000000 
     0.043000000000000       0.000000000000000 
     0.044000000000000       0.000000000000000 
     0.045000000000000       0.000000000000000 
     0.046000000000000       0.000000000000000 
     0.047000000000000       0.000000000000000 
     0.048000000000000       0.000000000000000 
     0.049000000000000       0.000000000000000 
     0.050000000000000       0.000000000000000 
     0.051000000000000       0.000000000000000 
     0.052000000000000       0.000000000000000 
     0.053000000000000       0.000000000000000 
     0.054000000000000       0.000000000000000 
     0.055000000000000       0.000000000000000 
     0.056000000000000       0.000000000000000 
     0.057000000000000       0.000000000000000 
     0.058000000000000       0.000000000000000 
     0.059000000000000       0.000000000000000 
     0.060000000000000       0.000000000000000 
     0.061000000000000       0.000000000000000 
     0.062000000000000       0.000000000000000 
     0.063000000000000       0.000000000000000 
     0.064000000000000       0.000000000000000 
     0.065000000000000       0.000000000000000 
     0.066000000000000       0.000000000000000 
     0.067000000000000       0.000000000000000 
     0.068000000000000       0.000000000000000 
     0.069000000000000       0.000000000000000 
     0.070000000000000       0.000000000000000 
     0.071000000000000       0.000000000000000 
     0.072000000000000       0.000000000000000 
     0.073000000000000       0.000000000000000 
     0.074000000000000       0.000000000000000 
     0.075000000000000       0.000000000000000 
     0.076000000000000       0.000000000000000 
     0.077000000000000       0.000000000000000 
     0.078000000000000       0.000000000000000 
     0.079000000000000       0.000000000000000 
     0.080000000000000       0.000000000000000 
     0.081000000000000       0.000000000000000 
     0.082000000000000       0.000000000000000 
     0.083000000000000       0.000000000000000 
     0.084000000000000       0.000000000000000 
     0.085000000000000       0.000000000000000 
     0.086000000000000       0.000000000000000 
     0.087000000000000       0.000000000000000 
     0.088000000000000       0.000000000000000 
     0.089000000000000       0.000000000000000 
     0.090000000000000       0.000000000000000 
     0.091000000000000       0.000000000000000 
     0.092000000000000       0.000000000000000 
     0.093000000000000       0.000000000000000 
     0.094000000000000       0.000000000000000 
     0.095000000000000       0.000000000000000 
     0.096000000000000       0.000000000000000 
     0.097000000000000       0.000000000000000 
     0.098000000000000       0.000000000000000 
     0.099000000000000       0.000000000000000 
     0.100000000000000       0.000000000000000 
     0.101000000000000       0.000000000000000 
     0.102000000000000       0.000000000000000 
     0.103000000000000       0.000000000000000 
     0.104000000000000       0.000000000000000 
     0.105000000000000       0.000000000000000 
     0.106000000000000       0.000000000000000 
     0.107000000000000       0.000000000000000 
     0.108000000000000       0.000000000000000 
     0.109000000000000       0.000000000000000 
     0.110000000000000       0.000000000000000 
     0.111000000000000       0.000000000000000 
     0.112000000000000       0.000000000000000 
     0.113000000000000       0.000000000000000 
     0.114000000000000       0.000000000000000 
     0.115000000000000       0.000000000000000 
     0.116000000000000       0.000000000000000 
     0.117000000000000       0.000000000000000 
     0.118000000000000       0.000000000000000 
     0.119000000000000       0.000000000000000 
     0.120000000000000       0.000000000000000 
     0.121000000000000       0.000000000000000 
     0.122000000000000       0.000000000000000 
     0.123000000000000       0.000000000000000 
     0.124000000000000       0.000000000000000 
     0.125000000000000       0.000000000000000 
     0.126000000000000       0.000000000000000 
     0.127000000000000       0.000000000000000 
     0.128000000000000       0.000000000000000 
     0.129000000000000       0.000000000000000 
     0.130000000000000       0.000000000000000 
     0.131000000000000       0.000000000000000 
     0.132000000000000       0.000000000000000 
     0.133000000000000       0.000000000000000 
     0.134000000000000       0.000000000000000 
     0.135000000000000       0.000000000000000 
     0.136000000000000       0.000000000000000 
     0.137000000000000       0.000000000000000 
     0.138000000000000       0.000000000000000 
     0.139000000000000       0.000000000000000 
     0.140000000000000       0.000000000000000 
     0.141000000000000       0.000000000000000 
     0.142000000000000       0.000000000000000 
     0.143000000000000       0.000000000000000 
     0.144000000000000       0.000000000000000 
     0.145000000000000       0.000000000000000 
     0.146000000000000       0.000000000000000 
     0.147000000000000       0.000000000000000 
     0.148000000000000       0.000000000000000 
     0.149000000000000       0.000000000000000 
     0.150000000000000       0.000000000000000 
     0.151000000000000       0.000000000000000 
     0.152000000000000       0.000000000000000 
     0.153000000000000       0.000000000000000 
     0.154000000000000       0.000000000000000 
     0.155000000000000       0.000000000000000 
     0.156000000000000       0.000000000000000 
     0.157000000000000       0.000000000000000 
     0.158000000000000       0.000000000000000 
     0.159000000000000       0.000000000000000 
     0.160000000000000       0.000000000000000 
     0.161000000000000       0.000000000000000 
     0.162000000000000       0.000000000000000 
     0.163000000000000       0.000000000000000 
     0.164000000000000       0.000000000000000 
     0.165000000000000       0.000000000000000 
     0.166000000000000       0.000000000000000 
     0.167000000000000       0.000000000000000 
     0.168000000000000       0.000000000000000 
     0.169000000000000       0.000000000000000 
     0.170000000000000       0.000000000000000 
     0.171000000000000       0.000000000000000 
     0.172000000000000       0.000000000000000 
     0.173000000000000       0.000000000000000 
     0.174000000000000       0.000000000000000 
     0.175000000000000       0.000000000000000 
     0.176000000000000       0.000000000000000 
     0.177000000000000       0.000000000000000 
     0.178000000000000       0.000000000000000 
     0.179000000000000       0.000000000000000 
     0.180000000000000       0.000000000000000 
     0.181000000000000       0.000000000000000 
     0.182000000000000       0.000000000000000 
     0.183000000000000       0.000000000000000 
     0.184000000000000       0.000000000000000 
     0.185000000000000       0.000000000000000 
     0.186000000000000       0.000000000000000 
     0.187000000000000       0.000000000000000 
     0.188000000000000       0.000000000000000 
     0.189000000000000       0.000000000000000 
     0.190000000000000       0.000000000000000 
     0.191000000000000       0.000000000000000 
     0.192000000000000       0.000000000000000 
     0.193000000000000       0.000000000000000 
     0.194000000000000       0.000000000000000 
     0.195000000000000       0.000000000000000 
     0.196000000000000       0.000000000000000 
     0.197000000000000       0.000000000000000 
     0.198000000000000       0.000000000000000 
     0.199000000000000       0.000000000000000 
     0.200000000000000       0.000000000000000 
     0.201000000000000       0.000000000000000 
     0.202000000000000       0.000000000000000 
     0.203000000000000       0.000000000000000 
     0.204000000000000       0.000000000000000 
     0.205000000000000       0.000000000000000 
     0.206000000000000       0.000000000000000 
     0.207000000000000       0.000000000000000 
     0.208000000000000       0.000000000000000 
     0.209000000000000       0.000000000000000 
     0.210000000000000       0.000000000000000 
     0.211000000000000       0.000000000000000 
     0.212000000000000       0.000000000000000 
     0.213000000000000       0.000000000000000 
     0.214000000000000       0.000000000000000 
     0.215000000000000       0.000000000000000 
     0.216000000000000       0.000000000000000 
     0.217000000000000       0.000000000000000 
     0.218000000000000       0.000000000000000 
     0.219000000000000       0.000000000000000 
     0.220000000000000       0.000000000000000 
     0.221000000000000       0.000000000000000 
     0.222000000000000       0.000000000000000 
     0.223000000000000       0.000000000000000 
     0.224000000000000       0.000000000000000 
     0.225000000000000       0.000000000000000 
     0.226000000000000       0.000000000000000 
     0.227000000000000       0.000000000000000 
     0.228000000000000       0.000000000000000 
     0.229000000000000       0.000000000000000 
     0.230000000000000       0.000000000000000 
     0.231000000000000       0.000000000000000 
     0.232000000000000       0.000000000000000 
     0.233000000000000       0.000000000000000 
     0.234000000000000       0.000000000000000 
     0.235000000000000       0.000000000000000 
     0.236000000000000       0.000000000000000 
     0.237000000000000       0.000000000000000 
     0.238000000000000       0.000000000000000 
     0.239000000000000       0.000000000000000 
     0.240000000000000       0.000000000000000 
     0.241000000000000       0.000000000000000 
     0.242000000000000       0.000000000000000 
     0.243000000000000       0.000000000000000 
     0.244000000000000       0.000000000000000 
     0.245000000000000       0.000000000000000 
     0.246000000000000       0.000000000000000 
     0.247000000000000       0.000000000000000 
     0.248000000000000       0.000000000000000 
     0.249000000000000       0.000000000000000 
     0.250000000000000       0.000000000000000 
     0.251000000000000       0.000000000000000 
     0.252000000000000       0.000000000000000 
     0.253000000000000       0.000000000000000 
     0.254000000000000       0.000000000000000 
     0.255000000000000       0.000000000000000 
     0.256000000000000       0.000000000000000 
     0.257000000000000       0.000000000000000 
     0.258000000000000       0.000000000000000 
     0.259000000000000       0.000000000000000 
     0.260000000000000       0.000000000000000 
     0.261000000000000       0.000000000000000 
     0.262000000000000       0.000000000000000 
     0.263000000000000       0.000000000000000 
     0.264000000000000       0.000000000000000 
     0.265000000000000       0.000000000000000 
     0.266000000000000       0.000000000000000 
     0.267000000000000       0.000000000000000 
     0.268000000000000       0.000000000000000 
     0.269000000000000       0.000000000000000 
     0.270000000000000       0.000000000000000 
     0.271000000000000       0.000000000000000 
     0.272000000000000       0.000000000000000 
     0.273000000000000       0.000000000000000 
     0.274000000000000       0.000000000000000 
     0.275000000000000       0.000000000000000 
     0.276000000000000       0.000000000000000 
     0.277000000000000       0.000000000000000 
     0.278000000000000       0.000000000000000 
     0.279000000000000       0.000000000000000 
     0.280000000000000       0.000000000000000 
     0.281000000000000       0.000000000000000 
     0.282000000000000       0.000000000000000 
     0.283000000000000       0.000000000000000 
     0.284000000000000       0.000000000000000 
     0.285000000000000       0.000000000000000 
     0.286000000000000       0.000000000000000 
     0.287000000000000       0.000000000000000 
     0.288000000000000       0.000000000000000 
     0.289000000000000       0.000000000000000 
     0.290000000000000       0.000000000000000 
     0.291000000000000       0.000000000000000 
     0.292000000000000       0.000000000000000 
     0.293000000000000       0.000000000000000 
     0.294000000000000       0.000000000000000 
     0.295000000000000       0.000000000000000 
     0.296000000000000       0.000000000000000 
     0.297000000000000       0.000000000000000 
     0.298000000000000       0.000000000000000 
     0.299000000000000       0.000000000000000 
     0.300000000000000       0.000000000000000 
     0.301000000000000       0.000000000000000 
     0.302000000000000       0.000000000000000 
     0.303000000000000       0.000000000000000 
     0.304000000000000       0.000000000000000 
     0.305000000000000       0.000000000000000 
     0.306000000000000       0.000000000000000 
     0.307000000000000       0.000000000000000 
     0.308000000000000       0.000000000000000 
     0.309000000000000       0.000000000000000 
     0.310000000000000       0.000000000000000 
     0.311000000000000       0.000000000000000 
     0.312000000000000       0.000000000000000 
     0.313000000000000       0.000000000000000 
     0.314000000000000       0.000000000000000 
     0.315000000000000       0.000000000000000 
     0.316000000000000       0.000000000000000 
     0.317000000000000       0.000000000000000 
     0.318000000000000       0.000000000000000 
     0.319000000000000       0.000000000000000 
     0.320000000000000       0.000000000000000 
     0.321000000000000       0.000000000000000 
     0.322000000000000       0.000000000000000 
     0.323000000000000       0.000000000000000 
     0.324000000000000       0.000000000000000 
     0.325000000000000       0.000000000000000 
     0.326000000000000       0.000000000000000 
     0.327000000000000       0.000000000000000 
     0.328000000000000       0.000000000000000 
     0.329000000000000       0.000000000000000 
     0.330000000000000       0.000000000000000 
     0.331000000000000       0.000000000000000 
     0.332000000000000       0.000000000000000 
     0.333000000000000       0.000000000000000 
     0.334000000000000       0.000000000000000 
     0.335000000000000       0.000000000000000 
     0.336000000000000       0.000000000000000 
     0.337000000000000       0.000000000000000 
     0.338000000000000       0.000000000000000 
     0.339000000000000       0.000000000000000 
     0.340000000000000       0.000000000000000 
     0.341000000000000       0.000000000000000 
     0.342000000000000       0.000000000000000 
     0.343000000000000       0.000000000000000 
     0.344000000000000       0.000000000000000 
     0.345000000000000       0.000000000000000 
     0.346000000000000       0.000000000000000 
     0.347000000000000       0.000000000000000 
     0.348000000000000       0.000000000000000 
     0.349000000000000       0.000000000000000 
     0.350000000000000       0.000000000000000 
     0.351000000000000       0.000000000000000 
     0.352000000000000       0.000000000000000 
     0.353000000000000       0.000000000000000 
     0.354000000000000       0.000000000000000 
     0.355000000000000       0.000000000000000 
     0.356000000000000       0.000000000000000 
     0.357000000000000       0.000000000000000 
     0.358000000000000       0.000000000000000 
     0.359000000000000       0.000000000000000 
     0.360000000000000       0.000000000000000 
     0.361000000000000       0.000000000000000 
     0.362000000000000       0.000000000000000 
     0.363000000000000       0.000000000000000 
     0.364000000000000       0.000000000000000 
     0.365000000000000       0.000000000000000 
     0.366000000000000       0.000000000000000 
     0.367000000000000       0.000000000000000 
     0.368000000000000       0.000000000000000 
     0.369000000000000       0.003248820637337 
     0.370000000000000       0.003073147711200 
     0.371000000000000       0.040511174328890 
     0.372000000000000       0.047327145679539 
     0.373000000000000       0.054544464506877 
     0.374000000000000       0.062181730769451 
     0.375000000000000       0.070440609167569 
     0.376000000000000       0.079078274444345 
     0.377000000000000       0.079090942716451 
     0.378000000000000       0.088083312692818 
     0.379000000000000       0.088074130129980 
     0.380000000000000       0.097370616268421 
     0.381000000000000       0.106755284405157 
     0.382000000000000       0.106665669350223 
     0.383000000000000       0.106589275343042 
     0.384000000000000       0.116158417401552 
     0.385000000000000       0.116300446377874 
     0.386000000000000       0.126458988445133 
     0.387000000000000       0.127092127270389 
     0.388000000000000       0.127986617281406 
     0.389000000000000       0.138820829799631 
     0.390000000000000       0.139559902439958 
     0.391000000000000       0.140123516639733 
     0.392000000000000       0.150580711909388 
     0.393000000000000       0.150882579427570 
     0.394000000000000       0.151072286949683 
     0.395000000000000       0.161235758755899 
     0.396000000000000       0.161246203498930 
     0.397000000000000       0.161200769647285 
     0.398000000000000       0.171344824967884 
     0.399000000000000       0.171231695180078 
     0.400000000000000       0.171122702476460 
     0.401000000000000       0.181312376313832 
     0.402000000000000       0.181261062681406 
     0.403000000000000       0.181272887221983 
     0.404000000000000       0.191736311883091 
     0.405000000000000       0.191885356084400 
     0.406000000000000       0.192109719109176 
     0.407000000000000       0.192274166422484 
     0.408000000000000       0.202902120426906 
     0.409000000000000       0.202967986144147 
     0.410000000000000       0.202987524092018 
     0.411000000000000       0.213757090785814 
     0.412000000000000       0.213762079832794 
     0.413000000000000       0.213758573559614 
     0.414000000000000       0.213742387454593 
     0.415000000000000       0.224383069407015 
     0.416000000000000       0.224360249253351 
     0.417000000000000       0.224343494130066 
     0.418000000000000       0.235128903851049 
     0.419000000000000       0.235120552473704 
     0.420000000000000       0.235139643138540 
     0.421000000000000       0.235197351464318 
     0.422000000000000       0.246068639256698 
     0.423000000000000       0.246220008825208 
     0.424000000000000       0.246375180302612 
     0.425000000000000       0.257332580942228 
     0.426000000000000       0.257386265033496 
     0.427000000000000       0.257417686979236 
     0.428000000000000       0.257429874445563 
     0.429000000000000       0.257374492746996 
     0.430000000000000       0.268358278208270 
     0.431000000000000       0.268349808442041 
     0.432000000000000       0.268357831461637 
     0.433000000000000       0.279562488993857 
     0.434000000000000       0.279669251216253 
     0.435000000000000       0.279825954966620 
     0.436000000000000       0.280023148110567 
     0.437000000000000       0.291309883773959 
     0.438000000000000       0.291649610323063 
     0.439000000000000       0.292099538247685 
     0.440000000000000       0.303755195547511 
     0.441000000000000       0.304234868981149 
     0.442000000000000       0.304684546777823 
     0.443000000000000       0.305098198122613 
     0.444000000000000       0.316565807323832 
     0.445000000000000       0.316859634902301 
     0.446000000000000       0.317107495232017 
     0.447000000000000       0.328520407565746 
     0.448000000000000       0.328673218400207 
     0.449000000000000       0.328788228995576 
     0.450000000000000       0.328866335440892 
     0.451000000000000       0.340150991447018 
     0.452000000000000       0.340207954071630 
     0.453000000000000       0.340311716704498 
     0.454000000000000       0.351839872078695 
     0.455000000000000       0.352004304536257 
     0.456000000000000       0.352160870035247 
     0.457000000000000       0.352303957909417 
     0.458000000000000       0.363762056912986 
     0.459000000000000       0.363878236706084 
     0.460000000000000       0.363994742835944 
     0.461000000000000       0.375580901326684 
     0.462000000000000       0.375760601402670 
     0.463000000000000       0.375993971263556 
     0.464000000000000       0.376250532776970 
     0.465000000000000       0.387904540501840 
     0.466000000000000       0.388136280193407 
     0.467000000000000       0.388355455789835 
     0.468000000000000       0.400048624249173 
     0.469000000000000       0.400233079689656 
     0.470000000000000       0.400397570397187 
     0.471000000000000       0.400536759068313 
     0.472000000000000       0.412135025230814 
     0.473000000000000       0.412202166053525 
     0.474000000000000       0.412250132523424 
     0.475000000000000       0.412290948618118 
     0.476000000000000       0.423965590774722 
     0.477000000000000       0.423990293328949 
     0.478000000000000       0.424004415259864 
     0.479000000000000       0.435571947587695 
     0.480000000000000       0.435548607093153 
     0.481000000000000       0.435514277081184 
     0.482000000000000       0.435482883170344 
     0.483000000000000       0.447160870780166 
     0.484000000000000       0.447145333574236 
     0.485000000000000       0.447132683402202 
     0.486000000000000       0.447131831578229 
     0.487000000000000       0.458687634332669 
     0.488000000000000       0.458654547566201 
     0.489000000000000       0.458640450830636 
     0.490000000000000       0.470307871839614 
     0.491000000000000       0.470315687182220 
     0.492000000000000       0.470328326453146 
     0.493000000000000       0.470309732364109 
     0.494000000000000       0.481964335940035 
     0.495000000000000       0.481902664461169 
     0.496000000000000       0.481835477400478 
     0.497000000000000       0.493614100453362 
     0.498000000000000       0.493570741029147 
     0.499000000000000       0.493544258451893 
     0.500000000000000       0.493561671576721 
