#INST  CMOD   FORCE   
0.000000E+00          0.000000E+00              0.000000E+00 
1.000000E-03          3.496073E-03              1.395915E+02 
2.000000E-03          6.992308E-03              2.791036E+02 
3.000000E-03          1.048865E-02              4.185638E+02 
4.000000E-03          1.398510E-02              5.580413E+02 
5.000000E-03          1.748166E-02              6.975362E+02 
6.000000E-03          2.097852E-02              8.369119E+02 
7.000000E-03          2.447617E-02              9.761953E+02 
8.000000E-03          2.797449E-02              1.115336E+03 
9.000000E-03          3.147360E-02              1.254302E+03 
1.000000E-02          3.497370E-02              1.393039E+03 
1.100000E-02          3.847472E-02              1.531561E+03 
1.200000E-02          4.197665E-02              1.669877E+03 
1.300000E-02          4.547951E-02              1.807978E+03 
1.400000E-02          4.898336E-02              1.945848E+03 
1.500000E-02          5.248812E-02              2.083508E+03 
1.600000E-02          5.599382E-02              2.220952E+03 
1.700000E-02          5.950055E-02              2.358154E+03 
1.800000E-02          6.300828E-02              2.495120E+03 
1.900000E-02          6.651699E-02              2.631857E+03 
2.000000E-02          7.002666E-02              2.768370E+03 
2.100000E-02          7.353735E-02              2.904641E+03 
2.200000E-02          7.704909E-02              3.040663E+03 
2.300000E-02          8.056187E-02              3.176436E+03 
2.400000E-02          8.407570E-02              3.311961E+03 
2.500000E-02          8.759064E-02              3.447218E+03 
2.600000E-02          9.110672E-02              3.582199E+03 
2.700000E-02          9.462395E-02              3.716899E+03 
2.800000E-02          9.814238E-02              3.851306E+03 
2.900000E-02          1.016620E-01              3.985412E+03 
3.000000E-02          1.051829E-01              4.119212E+03 
3.100000E-02          1.087051E-01              4.252691E+03 
3.200000E-02          1.122286E-01              4.385837E+03 
3.300000E-02          1.157534E-01              4.518648E+03 
3.400000E-02          1.192796E-01              4.651111E+03 
3.500000E-02          1.228073E-01              4.783219E+03 
3.600000E-02          1.263363E-01              4.914971E+03 
3.700000E-02          1.298667E-01              5.046354E+03 
3.800000E-02          1.333987E-01              5.177359E+03 
3.900000E-02          1.369321E-01              5.307989E+03 
4.000000E-02          1.404670E-01              5.438229E+03 
4.100000E-02          1.440034E-01              5.568080E+03 
4.200000E-02          1.475414E-01              5.697523E+03 
4.300000E-02          1.510810E-01              5.826557E+03 
4.400000E-02          1.546221E-01              5.955179E+03 
4.500000E-02          1.581649E-01              6.083380E+03 
4.600000E-02          1.617093E-01              6.211149E+03 
4.700000E-02          1.652553E-01              6.338494E+03 
4.800000E-02          1.688030E-01              6.465390E+03 
4.900000E-02          1.723524E-01              6.591841E+03 
5.000000E-02          1.759035E-01              6.717856E+03 
5.100000E-02          1.794562E-01              6.843419E+03 
5.200000E-02          1.830107E-01              6.968512E+03 
5.300000E-02          1.865671E-01              7.093121E+03 
5.400000E-02          1.901254E-01              7.217204E+03 
5.500000E-02          1.936858E-01              7.340691E+03 
5.600000E-02          1.972485E-01              7.463591E+03 
5.700000E-02          2.008135E-01              7.585885E+03 
5.800000E-02          2.043808E-01              7.707524E+03 
5.900000E-02          2.079508E-01              7.828442E+03 
6.000000E-02          2.115236E-01              7.948606E+03 
6.100000E-02          2.150991E-01              8.068017E+03 
6.200000E-02          2.186778E-01              8.186558E+03 
6.300000E-02          2.222599E-01              8.304176E+03 
6.400000E-02          2.258454E-01              8.420843E+03 
6.500000E-02          2.294345E-01              8.536525E+03 
6.600000E-02          2.330273E-01              8.651203E+03 
6.700000E-02          2.366244E-01              8.764709E+03 
6.800000E-02          2.402258E-01              8.877017E+03 
6.900000E-02          2.438315E-01              8.988134E+03 
7.000000E-02          2.474417E-01              9.098025E+03 
7.100000E-02          2.510566E-01              9.206602E+03 
7.200000E-02          2.546763E-01              9.313832E+03 
7.300000E-02          2.583006E-01              9.419814E+03 
7.400000E-02          2.619299E-01              9.524435E+03 
7.500000E-02          2.655639E-01              9.627729E+03 
7.600000E-02          2.692028E-01              9.729661E+03 
7.700000E-02          2.728467E-01              9.830202E+03 
7.800000E-02          2.764957E-01              9.929336E+03 
7.900000E-02          2.801499E-01              1.002703E+04 
8.000000E-02          2.838093E-01              1.012324E+04 
8.100000E-02          2.874741E-01              1.021798E+04 
8.200000E-02          2.911442E-01              1.031125E+04 
8.300000E-02          2.948194E-01              1.040308E+04 
8.400000E-02          2.984998E-01              1.049348E+04 
8.500000E-02          3.021850E-01              1.058242E+04 
8.600000E-02          3.058753E-01              1.066989E+04 
8.700000E-02          3.095708E-01              1.075591E+04 
8.800000E-02          3.132717E-01              1.084041E+04 
8.900000E-02          3.169781E-01              1.092336E+04 
9.000000E-02          3.206897E-01              1.100487E+04 
9.100000E-02          3.244068E-01              1.108484E+04 
9.200000E-02          3.281296E-01              1.116320E+04 
9.300000E-02          3.318578E-01              1.124006E+04 
9.400000E-02          3.355913E-01              1.131541E+04 
9.500000E-02          3.393300E-01              1.138933E+04 
9.600000E-02          3.430745E-01              1.146163E+04 
9.700000E-02          3.468245E-01              1.153236E+04 
9.800000E-02          3.505798E-01              1.160164E+04 
9.900000E-02          3.543407E-01              1.166934E+04 
1.000000E-01          3.581076E-01              1.173538E+04 
1.010000E-01          3.618802E-01              1.179984E+04 
1.020000E-01          3.656585E-01              1.186270E+04 
1.030000E-01          3.694432E-01              1.192378E+04 
1.040000E-01          3.732345E-01              1.198306E+04 
1.050000E-01          3.770324E-01              1.204051E+04 
1.060000E-01          3.808377E-01              1.209593E+04 
1.070000E-01          3.846507E-01              1.214925E+04 
1.080000E-01          3.884711E-01              1.220056E+04 
1.090000E-01          3.922990E-01              1.224985E+04 
1.100000E-01          3.961340E-01              1.229721E+04 
1.110000E-01          3.999768E-01              1.234250E+04 
1.120000E-01          4.038275E-01              1.238568E+04 
1.130000E-01          4.076863E-01              1.242671E+04 
1.140000E-01          4.115538E-01              1.246542E+04 
1.150000E-01          4.154312E-01              1.250152E+04 
1.160000E-01          4.193194E-01              1.253476E+04 
1.170000E-01          4.232201E-01              1.256471E+04 
1.180000E-01          4.271345E-01              1.259104E+04 
1.190000E-01          4.310609E-01              1.261422E+04 
1.200000E-01          4.349951E-01              1.263534E+04 
1.210000E-01          4.389347E-01              1.265505E+04 
1.220000E-01          4.428785E-01              1.267365E+04 
1.230000E-01          4.468260E-01              1.269131E+04 
1.240000E-01          4.507766E-01              1.270817E+04 
1.250000E-01          4.547299E-01              1.272433E+04 
1.260000E-01          4.586857E-01              1.273987E+04 
1.270000E-01          4.626436E-01              1.275486E+04 
1.280000E-01          4.666035E-01              1.276933E+04 
1.290000E-01          4.705652E-01              1.278334E+04 
1.300000E-01          4.745287E-01              1.279692E+04 
1.310000E-01          4.784938E-01              1.281011E+04 
1.320000E-01          4.824603E-01              1.282294E+04 
1.330000E-01          4.864281E-01              1.283544E+04 
1.340000E-01          4.903970E-01              1.284766E+04 
1.350000E-01          4.943671E-01              1.285961E+04 
1.360000E-01          4.983382E-01              1.287133E+04 
1.370000E-01          5.023102E-01              1.288283E+04 
1.380000E-01          5.062830E-01              1.289413E+04 
1.390000E-01          5.102566E-01              1.290524E+04 
1.400000E-01          5.142310E-01              1.291618E+04 
1.410000E-01          5.182061E-01              1.292695E+04 
1.420000E-01          5.221819E-01              1.293757E+04 
1.430000E-01          5.261583E-01              1.294803E+04 
1.440000E-01          5.301354E-01              1.295835E+04 
1.450000E-01          5.341131E-01              1.296854E+04 
1.460000E-01          5.380914E-01              1.297859E+04 
1.470000E-01          5.420703E-01              1.298852E+04 
1.480000E-01          5.460498E-01              1.299832E+04 
1.490000E-01          5.500297E-01              1.300801E+04 
1.500000E-01          5.540102E-01              1.301759E+04 
1.510000E-01          5.579913E-01              1.302705E+04 
1.520000E-01          5.619728E-01              1.303642E+04 
1.530000E-01          5.659547E-01              1.304568E+04 
1.540000E-01          5.699372E-01              1.305484E+04 
1.550000E-01          5.739201E-01              1.306390E+04 
1.560000E-01          5.779035E-01              1.307287E+04 
1.570000E-01          5.818874E-01              1.308175E+04 
1.580000E-01          5.858717E-01              1.309053E+04 
1.590000E-01          5.898564E-01              1.309922E+04 
1.600000E-01          5.938416E-01              1.310783E+04 
1.610000E-01          5.978272E-01              1.311635E+04 
1.620000E-01          6.018132E-01              1.312479E+04 
1.630000E-01          6.057997E-01              1.313314E+04 
1.640000E-01          6.097865E-01              1.314142E+04 
1.650000E-01          6.137737E-01              1.314961E+04 
1.660000E-01          6.177613E-01              1.315774E+04 
1.670000E-01          6.217493E-01              1.316579E+04 
1.680000E-01          6.257377E-01              1.317377E+04 
1.690000E-01          6.297264E-01              1.318168E+04 
1.700000E-01          6.337154E-01              1.318954E+04 
1.710000E-01          6.377048E-01              1.319733E+04 
1.720000E-01          6.416946E-01              1.320506E+04 
1.730000E-01          6.456846E-01              1.321273E+04 
1.740000E-01          6.496750E-01              1.322034E+04 
1.750000E-01          6.536656E-01              1.322790E+04 
1.760000E-01          6.576566E-01              1.323541E+04 
1.770000E-01          6.616479E-01              1.324286E+04 
1.780000E-01          6.656395E-01              1.325025E+04 
1.790000E-01          6.696314E-01              1.325760E+04 
1.800000E-01          6.736236E-01              1.326489E+04 
1.810000E-01          6.776161E-01              1.327213E+04 
1.820000E-01          6.816090E-01              1.327932E+04 
1.830000E-01          6.856020E-01              1.328646E+04 
1.840000E-01          6.895954E-01              1.329355E+04 
1.850000E-01          6.935891E-01              1.330059E+04 
1.860000E-01          6.975831E-01              1.330759E+04 
1.870000E-01          7.015773E-01              1.331453E+04 
1.880000E-01          7.055719E-01              1.332143E+04 
1.890000E-01          7.095667E-01              1.332829E+04 
1.900000E-01          7.135617E-01              1.333510E+04 
1.910000E-01          7.175571E-01              1.334186E+04 
1.920000E-01          7.215527E-01              1.334858E+04 
1.930000E-01          7.255486E-01              1.335526E+04 
1.940000E-01          7.295448E-01              1.336189E+04 
1.950000E-01          7.335413E-01              1.336848E+04 
1.960000E-01          7.375380E-01              1.337503E+04 
1.970000E-01          7.415349E-01              1.338154E+04 
1.980000E-01          7.455322E-01              1.338800E+04 
1.990000E-01          7.495297E-01              1.339442E+04 
2.000000E-01          7.535274E-01              1.340081E+04 
2.010000E-01          7.575254E-01              1.340716E+04 
2.020000E-01          7.615236E-01              1.341346E+04 
2.030000E-01          7.655221E-01              1.341973E+04 
2.040000E-01          7.695209E-01              1.342596E+04 
2.050000E-01          7.735199E-01              1.343216E+04 
2.060000E-01          7.775191E-01              1.343832E+04 
2.070000E-01          7.815186E-01              1.344444E+04 
2.080000E-01          7.855183E-01              1.345053E+04 
2.090000E-01          7.895182E-01              1.345658E+04 
2.100000E-01          7.935184E-01              1.346260E+04 
2.110000E-01          7.975188E-01              1.346859E+04 
2.120000E-01          8.015195E-01              1.347455E+04 
2.130000E-01          8.055203E-01              1.348047E+04 
2.140000E-01          8.095214E-01              1.348637E+04 
2.150000E-01          8.135227E-01              1.349223E+04 
2.160000E-01          8.175242E-01              1.349807E+04 
2.170000E-01          8.215259E-01              1.350387E+04 
2.180000E-01          8.255279E-01              1.350965E+04 
2.190000E-01          8.295300E-01              1.351539E+04 
2.200000E-01          8.335324E-01              1.352111E+04 
2.210000E-01          8.375350E-01              1.352680E+04 
2.220000E-01          8.415378E-01              1.353247E+04 
2.230000E-01          8.455408E-01              1.353810E+04 
2.240000E-01          8.495441E-01              1.354371E+04 
2.250000E-01          8.535475E-01              1.354929E+04 
2.260000E-01          8.575511E-01              1.355484E+04 
2.270000E-01          8.615550E-01              1.356037E+04 
2.280000E-01          8.655591E-01              1.356587E+04 
2.290000E-01          8.695633E-01              1.357134E+04 
2.300000E-01          8.735678E-01              1.357678E+04 
2.310000E-01          8.775725E-01              1.358220E+04 
2.320000E-01          8.815774E-01              1.358760E+04 
2.330000E-01          8.855824E-01              1.359297E+04 
2.340000E-01          8.895877E-01              1.359831E+04 
2.350000E-01          8.935932E-01              1.360363E+04 
2.360000E-01          8.975989E-01              1.360892E+04 
2.370000E-01          9.016048E-01              1.361419E+04 
2.380000E-01          9.056109E-01              1.361944E+04 
2.390000E-01          9.096172E-01              1.362466E+04 
2.400000E-01          9.136237E-01              1.362985E+04 
2.410000E-01          9.176304E-01              1.363502E+04 
2.420000E-01          9.216373E-01              1.364017E+04 
2.430000E-01          9.256444E-01              1.364530E+04 
2.440000E-01          9.296517E-01              1.365040E+04 
2.450000E-01          9.336592E-01              1.365548E+04 
2.460000E-01          9.376669E-01              1.366053E+04 
2.470000E-01          9.416748E-01              1.366556E+04 
2.480000E-01          9.456828E-01              1.367057E+04 
2.490000E-01          9.496911E-01              1.367556E+04 
2.500000E-01          9.536996E-01              1.368053E+04 
2.510000E-01          9.577082E-01              1.368547E+04 
2.520000E-01          9.617171E-01              1.369039E+04 
2.530000E-01          9.657261E-01              1.369529E+04 
2.540000E-01          9.697353E-01              1.370017E+04 
2.550000E-01          9.737447E-01              1.370503E+04 
2.560000E-01          9.777543E-01              1.370986E+04 
2.570000E-01          9.817641E-01              1.371468E+04 
2.580000E-01          9.857741E-01              1.371947E+04 
2.590000E-01          9.897843E-01              1.372424E+04 
2.600000E-01          9.937946E-01              1.372899E+04 
2.610000E-01          9.978052E-01              1.373372E+04 
2.620000E-01          1.001816E+00              1.373843E+04 
2.630000E-01          1.005827E+00              1.374312E+04 
2.640000E-01          1.009838E+00              1.374779E+04 
2.650000E-01          1.013849E+00              1.375243E+04 
2.660000E-01          1.017861E+00              1.375706E+04 
2.670000E-01          1.021872E+00              1.376166E+04 
2.680000E-01          1.025884E+00              1.376625E+04 
2.690000E-01          1.029896E+00              1.377081E+04 
2.700000E-01          1.033909E+00              1.377536E+04 
2.710000E-01          1.037921E+00              1.377988E+04 
2.720000E-01          1.041934E+00              1.378438E+04 
2.730000E-01          1.045946E+00              1.378886E+04 
2.740000E-01          1.049959E+00              1.379333E+04 
2.750000E-01          1.053973E+00              1.379777E+04 
2.760000E-01          1.057986E+00              1.380219E+04 
2.770000E-01          1.061999E+00              1.380659E+04 
2.780000E-01          1.066013E+00              1.381098E+04 
2.790000E-01          1.070027E+00              1.381534E+04 
2.800000E-01          1.074041E+00              1.381968E+04 
2.810000E-01          1.078055E+00              1.382401E+04 
2.820000E-01          1.082070E+00              1.382831E+04 
2.830000E-01          1.086085E+00              1.383260E+04 
2.840000E-01          1.090099E+00              1.383686E+04 
2.850000E-01          1.094114E+00              1.384111E+04 
2.860000E-01          1.098130E+00              1.384534E+04 
2.870000E-01          1.102145E+00              1.384955E+04 
2.880000E-01          1.106161E+00              1.385374E+04 
2.890000E-01          1.110176E+00              1.385791E+04 
2.900000E-01          1.114192E+00              1.386206E+04 
2.910000E-01          1.118208E+00              1.386620E+04 
2.920000E-01          1.122225E+00              1.387031E+04 
2.930000E-01          1.126241E+00              1.387441E+04 
2.940000E-01          1.130258E+00              1.387849E+04 
2.950000E-01          1.134274E+00              1.388255E+04 
2.960000E-01          1.138291E+00              1.388659E+04 
2.970000E-01          1.142309E+00              1.389061E+04 
2.980000E-01          1.146326E+00              1.389461E+04 
2.990000E-01          1.150343E+00              1.389860E+04 
3.000000E-01          1.154361E+00              1.390257E+04 
3.010000E-01          1.158379E+00              1.390652E+04 
3.020000E-01          1.162397E+00              1.391045E+04 
3.030000E-01          1.166415E+00              1.391437E+04 
3.040000E-01          1.170434E+00              1.391826E+04 
3.050000E-01          1.174452E+00              1.392214E+04 
3.060000E-01          1.178471E+00              1.392600E+04 
3.070000E-01          1.182490E+00              1.392985E+04 
3.080000E-01          1.186509E+00              1.393367E+04 
3.090000E-01          1.190529E+00              1.393748E+04 
3.100000E-01          1.194548E+00              1.394127E+04 
3.110000E-01          1.198568E+00              1.394504E+04 
3.120000E-01          1.202588E+00              1.394880E+04 
3.130000E-01          1.206608E+00              1.395254E+04 
3.140000E-01          1.210628E+00              1.395626E+04 
3.150000E-01          1.214648E+00              1.395996E+04 
3.160000E-01          1.218669E+00              1.396365E+04 
3.170000E-01          1.222689E+00              1.396731E+04 
3.180000E-01          1.226710E+00              1.397097E+04 
3.190000E-01          1.230731E+00              1.397460E+04 
3.200000E-01          1.234753E+00              1.397822E+04 
3.210000E-01          1.238774E+00              1.398182E+04 
3.220000E-01          1.242796E+00              1.398540E+04 
3.230000E-01          1.246817E+00              1.398897E+04 
3.240000E-01          1.250839E+00              1.399252E+04 
3.250000E-01          1.254861E+00              1.399605E+04 
3.260000E-01          1.258884E+00              1.399956E+04 
3.270000E-01          1.262906E+00              1.400306E+04 
3.280000E-01          1.266929E+00              1.400654E+04 
3.290000E-01          1.270952E+00              1.401001E+04 
3.300000E-01          1.274975E+00              1.401345E+04 
3.310000E-01          1.278998E+00              1.401688E+04 
3.320000E-01          1.283021E+00              1.402030E+04 
3.330000E-01          1.287045E+00              1.402369E+04 
3.340000E-01          1.291068E+00              1.402707E+04 
3.350000E-01          1.295092E+00              1.403044E+04 
3.360000E-01          1.299116E+00              1.403378E+04 
3.370000E-01          1.303140E+00              1.403711E+04 
3.380000E-01          1.307165E+00              1.404042E+04 
3.390000E-01          1.311189E+00              1.404372E+04 
3.400000E-01          1.315214E+00              1.404700E+04 
3.410000E-01          1.319239E+00              1.405026E+04 
3.420000E-01          1.323264E+00              1.405350E+04 
3.430000E-01          1.327289E+00              1.405673E+04 
3.440000E-01          1.331315E+00              1.405994E+04 
3.450000E-01          1.335340E+00              1.406314E+04 
3.460000E-01          1.339366E+00              1.406631E+04 
3.470000E-01          1.343392E+00              1.406948E+04 
3.480000E-01          1.347418E+00              1.407262E+04 
3.490000E-01          1.351445E+00              1.407575E+04 
3.500000E-01          1.355471E+00              1.407886E+04 
3.510000E-01          1.359498E+00              1.408195E+04 
3.520000E-01          1.363524E+00              1.408503E+04 
3.530000E-01          1.367551E+00              1.408809E+04 
3.540000E-01          1.371579E+00              1.409112E+04 
3.550000E-01          1.375606E+00              1.409412E+04 
3.560000E-01          1.379634E+00              1.409707E+04 
3.570000E-01          1.383662E+00              1.409998E+04 
3.580000E-01          1.387690E+00              1.410286E+04 
3.590000E-01          1.391719E+00              1.410571E+04 
3.600000E-01          1.395747E+00              1.410853E+04 
3.610000E-01          1.399776E+00              1.411131E+04 
3.620000E-01          1.403805E+00              1.411401E+04 
3.630000E-01          1.407835E+00              1.411665E+04 
3.640000E-01          1.411865E+00              1.411923E+04 
3.650000E-01          1.415895E+00              1.412175E+04 
3.660000E-01          1.419926E+00              1.412422E+04 
3.670000E-01          1.423957E+00              1.412664E+04 
3.680000E-01          1.427988E+00              1.412898E+04 
3.690000E-01          1.432020E+00              1.413121E+04 
3.700000E-01          1.436052E+00              1.413336E+04 
3.710000E-01          1.440085E+00              1.413542E+04 
3.720000E-01          1.444118E+00              1.413738E+04 
3.730000E-01          1.448152E+00              1.413922E+04 
3.740000E-01          1.452186E+00              1.414095E+04 
3.750000E-01          1.456221E+00              1.414255E+04 
3.760000E-01          1.460256E+00              1.414402E+04 
3.770000E-01          1.464292E+00              1.414530E+04 
3.780000E-01          1.468329E+00              1.414640E+04 
3.790000E-01          1.472367E+00              1.414730E+04 
3.800000E-01          1.476406E+00              1.414797E+04 
3.810000E-01          1.480445E+00              1.414839E+04 
3.820000E-01          1.484486E+00              1.414856E+04 
3.830000E-01          1.488528E+00              1.414840E+04 
3.840000E-01          1.492571E+00              1.414788E+04 
3.850000E-01          1.496616E+00              1.414692E+04 
3.860000E-01          1.500663E+00              1.414544E+04 
3.870000E-01          1.504712E+00              1.414330E+04 
3.880000E-01          1.508764E+00              1.414031E+04 
3.890000E-01          1.512820E+00              1.413631E+04 
3.900000E-01          1.516881E+00              1.413096E+04 
3.910000E-01          1.520947E+00              1.412394E+04 
3.920000E-01          1.525021E+00              1.411485E+04 
3.930000E-01          1.529104E+00              1.410321E+04 
3.940000E-01          1.533197E+00              1.408859E+04 
3.950000E-01          1.537302E+00              1.407062E+04 
3.960000E-01          1.541421E+00              1.404892E+04 
3.970000E-01          1.545554E+00              1.402308E+04 
3.980000E-01          1.549701E+00              1.399332E+04 
3.990000E-01          1.553824E+00              1.397031E+04 
4.000000E-01          1.557928E+00              1.395288E+04 
4.010000E-01          1.562017E+00              1.393983E+04 
4.020000E-01          1.566103E+00              1.392769E+04 
4.030000E-01          1.570185E+00              1.391667E+04 
4.040000E-01          1.574266E+00              1.390581E+04 
4.050000E-01          1.578345E+00              1.389594E+04 
4.060000E-01          1.582425E+00              1.388547E+04 
4.070000E-01          1.586507E+00              1.387444E+04 
4.080000E-01          1.590588E+00              1.386402E+04 
4.090000E-01          1.594670E+00              1.385324E+04 
4.100000E-01          1.598750E+00              1.384299E+04 
4.110000E-01          1.602829E+00              1.383293E+04 
4.120000E-01          1.606907E+00              1.382328E+04 
4.130000E-01          1.610985E+00              1.381384E+04 
4.140000E-01          1.615061E+00              1.380473E+04 
4.150000E-01          1.619135E+00              1.379644E+04 
4.160000E-01          1.623209E+00              1.378822E+04 
4.170000E-01          1.627286E+00              1.377915E+04 
4.180000E-01          1.631366E+00              1.376914E+04 
4.190000E-01          1.635442E+00              1.376018E+04 
4.200000E-01          1.639520E+00              1.375104E+04 
4.210000E-01          1.643594E+00              1.374298E+04 
4.220000E-01          1.647665E+00              1.373550E+04 
4.230000E-01          1.651739E+00              1.372749E+04 
4.240000E-01          1.655816E+00              1.371860E+04 
4.250000E-01          1.659889E+00              1.371076E+04 
4.260000E-01          1.663964E+00              1.370252E+04 
4.270000E-01          1.668041E+00              1.369380E+04 
4.280000E-01          1.672114E+00              1.368623E+04 
4.290000E-01          1.676189E+00              1.367813E+04 
4.300000E-01          1.680267E+00              1.366913E+04 
4.310000E-01          1.684346E+00              1.365969E+04 
4.320000E-01          1.688424E+00              1.365093E+04 
4.330000E-01          1.692503E+00              1.364164E+04 
4.340000E-01          1.696579E+00              1.363329E+04 
4.350000E-01          1.700656E+00              1.362481E+04 
4.360000E-01          1.704736E+00              1.361553E+04 
4.370000E-01          1.708818E+00              1.360554E+04 
4.380000E-01          1.712896E+00              1.359702E+04 
4.390000E-01          1.716974E+00              1.358823E+04 
4.400000E-01          1.721048E+00              1.358080E+04 
4.410000E-01          1.725121E+00              1.357346E+04 
4.420000E-01          1.729198E+00              1.356530E+04 
4.430000E-01          1.733277E+00              1.355621E+04 
4.440000E-01          1.737354E+00              1.354798E+04 
4.450000E-01          1.741432E+00              1.353965E+04 
4.460000E-01          1.745512E+00              1.353055E+04 
4.470000E-01          1.749587E+00              1.352294E+04 
4.480000E-01          1.753663E+00              1.351518E+04 
4.490000E-01          1.757742E+00              1.350654E+04 
4.500000E-01          1.761824E+00              1.349702E+04 
4.510000E-01          1.765903E+00              1.348863E+04 
4.520000E-01          1.769981E+00              1.348019E+04 
4.530000E-01          1.774059E+00              1.347200E+04 
4.540000E-01          1.778134E+00              1.346461E+04 
4.550000E-01          1.782211E+00              1.345666E+04 
4.560000E-01          1.786292E+00              1.344773E+04 
4.570000E-01          1.790374E+00              1.343858E+04 
4.580000E-01          1.794454E+00              1.343004E+04 
4.590000E-01          1.798535E+00              1.342099E+04 
4.600000E-01          1.802611E+00              1.341373E+04 
4.610000E-01          1.806688E+00              1.340596E+04 
4.620000E-01          1.810769E+00              1.339728E+04 
4.630000E-01          1.814854E+00              1.338747E+04 
4.640000E-01          1.818934E+00              1.337877E+04 
4.650000E-01          1.823017E+00              1.336962E+04 
4.660000E-01          1.827099E+00              1.336065E+04 
4.670000E-01          1.831176E+00              1.335314E+04 
4.680000E-01          1.835256E+00              1.334507E+04 
4.690000E-01          1.839337E+00              1.333641E+04 
4.700000E-01          1.843420E+00              1.332730E+04 
4.710000E-01          1.847499E+00              1.331931E+04 
4.720000E-01          1.851581E+00              1.331077E+04 
4.730000E-01          1.855660E+00              1.330270E+04 
4.740000E-01          1.859738E+00              1.329539E+04 
4.750000E-01          1.863818E+00              1.328722E+04 
4.760000E-01          1.867902E+00              1.327800E+04 
4.770000E-01          1.871988E+00              1.326841E+04 
4.780000E-01          1.876070E+00              1.325971E+04 
4.790000E-01          1.880155E+00              1.325037E+04 
4.800000E-01          1.884234E+00              1.324271E+04 
4.810000E-01          1.888314E+00              1.323502E+04 
4.820000E-01          1.892397E+00              1.322630E+04 
4.830000E-01          1.896484E+00              1.321646E+04 
4.840000E-01          1.900569E+00              1.320722E+04 
4.850000E-01          1.904653E+00              1.319836E+04 
4.860000E-01          1.908738E+00              1.318928E+04 
4.870000E-01          1.912816E+00              1.318223E+04 
4.880000E-01          1.916894E+00              1.317503E+04 
4.890000E-01          1.920977E+00              1.316682E+04 
4.900000E-01          1.925063E+00              1.315746E+04 
4.910000E-01          1.929146E+00              1.314893E+04 
4.920000E-01          1.933229E+00              1.314064E+04 
4.930000E-01          1.937314E+00              1.313171E+04 
4.940000E-01          1.941396E+00              1.312380E+04 
4.950000E-01          1.945477E+00              1.311615E+04 
4.960000E-01          1.949561E+00              1.310759E+04 
4.970000E-01          1.953650E+00              1.309776E+04 
4.980000E-01          1.957739E+00              1.308783E+04 
4.990000E-01          1.961826E+00              1.307866E+04 
5.000000E-01          1.965914E+00              1.306905E+04 
