0.0 0.0
0.04 2.80957063474
0.08 5.35986642406
0.12 7.89321097485
0.16 10.555244743
0.2 12.8980247897
0.24 14.7162511162
0.28 16.0148505389
0.32 16.9668550241
0.36 18.1422493206
0.4 19.0103277517
0.44 19.6007542162
0.48 19.984608501
0.52 20.263227414
0.56 20.2687730207
0.6 20.4349304749
0.64 20.5782745645
0.68 20.7060202066
0.72 20.8213435603
0.76 20.9267491796
0.8 20.7862805476
0.84 20.8764402423
0.88 20.9583668908
0.92 21.0358758462
0.96 21.1097085097
1.0 21.2057428091
1.04 21.2351337656
1.08 21.3687879764
1.12 21.4676219972
1.16 21.5579012248
1.2 21.680331047
1.24 21.8004643823
1.248 21.9242929112
