     0.000000000000000       0.000000000000000 
     0.001000000000000       0.000000000000000 
     0.002000000000000       0.000000000000000 
     0.003000000000000       0.000000000000000 
     0.004000000000000       0.000000000000000 
     0.005000000000000       0.000000000000000 
     0.006000000000000       0.000000000000000 
     0.007000000000000       0.000000000000000 
     0.008000000000000       0.000000000000000 
     0.009000000000000       0.000000000000000 
     0.010000000000000       0.000000000000000 
     0.011000000000000       0.000000000000000 
     0.012000000000000       0.000000000000000 
     0.013000000000000       0.000000000000000 
     0.014000000000000       0.000000000000000 
     0.015000000000000       0.000000000000000 
     0.016000000000000       0.000000000000000 
     0.017000000000000       0.000000000000000 
     0.018000000000000       0.000000000000000 
     0.019000000000000       0.000000000000000 
     0.020000000000000       0.000000000000000 
     0.021000000000000       0.000000000000000 
     0.022000000000000       0.000000000000000 
     0.023000000000000       0.000000000000000 
     0.024000000000000       0.000000000000000 
     0.025000000000000       0.000000000000000 
     0.026000000000000       0.000000000000000 
     0.027000000000000       0.000000000000000 
     0.028000000000000       0.000000000000000 
     0.029000000000000       0.000000000000000 
     0.030000000000000       0.000000000000000 
     0.031000000000000       0.000000000000000 
     0.032000000000000       0.000000000000000 
     0.033000000000000       0.000000000000000 
     0.034000000000000       0.000000000000000 
     0.035000000000000       0.000000000000000 
     0.036000000000000       0.000000000000000 
     0.037000000000000       0.000000000000000 
     0.038000000000000       0.000000000000000 
     0.039000000000000       0.000000000000000 
     0.040000000000000       0.000000000000000 
     0.041000000000000       0.000000000000000 
     0.042000000000000       0.000000000000000 
     0.043000000000000       0.000000000000000 
     0.044000000000000       0.000000000000000 
     0.045000000000000       0.000000000000000 
     0.046000000000000       0.000000000000000 
     0.047000000000000       0.000000000000000 
     0.048000000000000       0.000000000000000 
     0.049000000000000       0.000000000000000 
     0.050000000000000       0.000000000000000 
     0.051000000000000       0.000000000000000 
     0.052000000000000       0.000000000000000 
     0.053000000000000       0.000000000000000 
     0.054000000000000       0.000000000000000 
     0.055000000000000       0.000000000000000 
     0.056000000000000       0.000000000000000 
     0.057000000000000       0.000000000000000 
     0.058000000000000       0.000000000000000 
     0.059000000000000       0.000000000000000 
     0.060000000000000       0.000000000000000 
     0.061000000000000       0.000000000000000 
     0.062000000000000       0.000000000000000 
     0.063000000000000       0.000000000000000 
     0.064000000000000       0.000000000000000 
     0.065000000000000       0.000000000000000 
     0.066000000000000       0.000000000000000 
     0.067000000000000       0.000000000000000 
     0.068000000000000       0.000000000000000 
     0.069000000000000       0.000000000000000 
     0.070000000000000       0.000000000000000 
     0.071000000000000       0.000000000000000 
     0.072000000000000       0.000000000000000 
     0.073000000000000       0.000000000000000 
     0.074000000000000       0.000000000000000 
     0.075000000000000       0.000000000000000 
     0.076000000000000       0.000000000000000 
     0.077000000000000       0.000000000000000 
     0.078000000000000       0.000000000000000 
     0.079000000000000       0.000000000000000 
     0.080000000000000       0.000000000000000 
     0.081000000000000       0.000000000000000 
     0.082000000000000       0.000000000000000 
     0.083000000000000       0.000000000000000 
     0.084000000000000       0.000000000000000 
     0.085000000000000       0.000000000000000 
     0.086000000000000       0.000000000000000 
     0.087000000000000       0.000000000000000 
     0.088000000000000       0.000000000000000 
     0.089000000000000       0.000000000000000 
     0.090000000000000       0.000000000000000 
     0.091000000000000       0.000000000000000 
     0.092000000000000       0.000000000000000 
     0.093000000000000       0.000000000000000 
     0.094000000000000       0.000000000000000 
     0.095000000000000       0.000000000000000 
     0.096000000000000       0.000000000000000 
     0.097000000000000       0.000000000000000 
     0.098000000000000       0.000000000000000 
     0.099000000000000       0.000000000000000 
     0.100000000000000       0.000000000000000 
     0.101000000000000       0.000000000000000 
     0.102000000000000       0.000000000000000 
     0.103000000000000       0.000000000000000 
     0.104000000000000       0.000000000000000 
     0.105000000000000       0.000000000000000 
     0.106000000000000       0.000000000000000 
     0.107000000000000       0.000000000000000 
     0.108000000000000       0.000000000000000 
     0.109000000000000       0.000000000000000 
     0.110000000000000       0.000000000000000 
     0.111000000000000       0.000000000000000 
     0.112000000000000       0.000000000000000 
     0.113000000000000       0.000000000000000 
     0.114000000000000       0.000000000000000 
     0.115000000000000       0.000000000000000 
     0.116000000000000       0.000000000000000 
     0.117000000000000       0.000000000000000 
     0.118000000000000       0.000000000000000 
     0.119000000000000       0.000000000000000 
     0.120000000000000       0.000000000000000 
     0.121000000000000       0.000000000000000 
     0.122000000000000       0.000000000000000 
     0.123000000000000       0.000000000000000 
     0.124000000000000       0.000000000000000 
     0.125000000000000       0.000000000000000 
     0.126000000000000       0.000000000000000 
     0.127000000000000       0.000000000000000 
     0.128000000000000       0.000000000000000 
     0.129000000000000       0.000000000000000 
     0.130000000000000       0.000000000000000 
     0.131000000000000       0.000000000000000 
     0.132000000000000       0.000000000000000 
     0.133000000000000       0.000000000000000 
     0.134000000000000       0.000000000000000 
     0.135000000000000       0.000000000000000 
     0.136000000000000       0.000000000000000 
     0.137000000000000       0.000000000000000 
     0.138000000000000       0.000000000000000 
     0.139000000000000       0.000000000000000 
     0.140000000000000       0.000000000000000 
     0.141000000000000       0.000000000000000 
     0.142000000000000       0.000000000000000 
     0.143000000000000       0.000000000000000 
     0.144000000000000       0.000000000000000 
     0.145000000000000       0.000000000000000 
     0.146000000000000       0.000000000000000 
     0.147000000000000       0.000000000000000 
     0.148000000000000       0.000000000000000 
     0.149000000000000       0.000000000000000 
     0.150000000000000       0.000000000000000 
     0.151000000000000       0.000000000000000 
     0.152000000000000       0.000000000000000 
     0.153000000000000       0.000000000000000 
     0.154000000000000       0.000000000000000 
     0.155000000000000       0.000000000000000 
     0.156000000000000       0.000000000000000 
     0.157000000000000       0.000000000000000 
     0.158000000000000       0.000000000000000 
     0.159000000000000       0.000000000000000 
     0.160000000000000       0.000000000000000 
     0.161000000000000       0.000000000000000 
     0.162000000000000       0.000000000000000 
     0.163000000000000       0.000000000000000 
     0.164000000000000       0.000000000000000 
     0.165000000000000       0.000000000000000 
     0.166000000000000       0.000000000000000 
     0.167000000000000       0.000000000000000 
     0.168000000000000       0.000000000000000 
     0.169000000000000       0.000000000000000 
     0.170000000000000       0.000000000000000 
     0.171000000000000       0.000000000000000 
     0.172000000000000       0.000000000000000 
     0.173000000000000       0.000000000000000 
     0.174000000000000       0.000000000000000 
     0.175000000000000       0.000000000000000 
     0.176000000000000       0.000000000000000 
     0.177000000000000       0.000000000000000 
     0.178000000000000       0.000000000000000 
     0.179000000000000       0.000000000000000 
     0.180000000000000       0.000000000000000 
     0.181000000000000       0.000000000000000 
     0.182000000000000       0.000000000000000 
     0.183000000000000       0.000000000000000 
     0.184000000000000       0.000000000000000 
     0.185000000000000       0.000000000000000 
     0.186000000000000       0.000000000000000 
     0.187000000000000       0.000000000000000 
     0.188000000000000       0.000000000000000 
     0.189000000000000       0.000000000000000 
     0.190000000000000       0.000000000000000 
     0.191000000000000       0.000000000000000 
     0.192000000000000       0.000000000000000 
     0.193000000000000       0.000000000000000 
     0.194000000000000       0.000000000000000 
     0.195000000000000       0.000000000000000 
     0.196000000000000       0.000000000000000 
     0.197000000000000       0.000000000000000 
     0.198000000000000       0.000000000000000 
     0.199000000000000       0.000000000000000 
     0.200000000000000       0.000000000000000 
     0.201000000000000       0.000000000000000 
     0.202000000000000       0.000000000000000 
     0.203000000000000       0.000000000000000 
     0.204000000000000       0.000000000000000 
     0.205000000000000       0.000000000000000 
     0.206000000000000       0.000000000000000 
     0.207000000000000       0.000000000000000 
     0.208000000000000       0.000000000000000 
     0.209000000000000       0.000000000000000 
     0.210000000000000       0.000000000000000 
     0.211000000000000       0.000000000000000 
     0.212000000000000       0.000000000000000 
     0.213000000000000       0.000000000000000 
     0.214000000000000       0.000000000000000 
     0.215000000000000       0.000000000000000 
     0.216000000000000       0.000000000000000 
     0.217000000000000       0.000000000000000 
     0.218000000000000       0.000000000000000 
     0.219000000000000       0.000000000000000 
     0.220000000000000       0.000000000000000 
     0.221000000000000       0.000000000000000 
     0.222000000000000       0.079039841975066 
     0.222250000000000       0.089799310287813 
     0.222500000000000       0.101018299488155 
     0.222750000000000       0.112631170054398 
     0.223000000000000       0.112685587575633 
     0.224000000000000       0.124725318834148 
     0.225000000000000       0.137132447190947 
     0.226000000000000       0.137323116044071 
     0.227000000000000       0.149956313495990 
     0.228000000000000       0.149932133677472 
     0.229000000000000       0.162549907682282 
     0.230000000000000       0.162423206293560 
     0.231000000000000       0.174882486145382 
     0.232000000000000       0.174769047434861 
     0.233000000000000       0.174654290682463 
     0.234000000000000       0.187551765399210 
     0.235000000000000       0.187544125130220 
     0.236000000000000       0.187511203894635 
     0.237000000000000       0.200135296993283 
     0.238000000000000       0.200077184763568 
     0.239000000000000       0.212716473913696 
     0.240000000000000       0.212515634439088 
     0.241000000000000       0.212246732571508 
     0.242000000000000       0.224580170722556 
     0.243000000000000       0.224288344358980 
     0.244000000000000       0.236738676323139 
     0.245000000000000       0.236524327223167 
     0.246000000000000       0.236331053837660 
     0.247000000000000       0.236136667824445 
     0.248000000000000       0.248718029580527 
     0.249000000000000       0.248571019739559 
     0.250000000000000       0.261295831418016 
     0.251000000000000       0.261191144314807 
     0.252000000000000       0.261099218638135 
     0.253000000000000       0.273765860149124 
     0.254000000000000       0.273707784009090 
     0.255000000000000       0.273657339945467 
     0.256000000000000       0.286452848198742 
     0.257000000000000       0.286413079141379 
     0.258000000000000       0.286368212144243 
     0.259000000000000       0.299084268111940 
     0.260000000000000       0.298995459286097 
     0.261000000000000       0.298884762470410 
     0.262000000000000       0.311601826992174 
     0.263000000000000       0.311460565009686 
     0.264000000000000       0.311299591836955 
     0.265000000000000       0.323961352082677 
     0.266000000000000       0.323759464531491 
     0.267000000000000       0.323540331647761 
     0.268000000000000       0.336267649458527 
     0.269000000000000       0.336045123747025 
     0.270000000000000       0.335805529338623 
     0.271000000000000       0.348429584304238 
     0.272000000000000       0.348159704959908 
     0.273000000000000       0.347878896846264 
     0.274000000000000       0.360573482387791 
     0.275000000000000       0.360290182959281 
     0.276000000000000       0.359993105029494 
     0.277000000000000       0.372592580015382 
     0.278000000000000       0.372269408560252 
     0.279000000000000       0.384928231140597 
     0.280000000000000       0.384609404943376 
     0.281000000000000       0.384282182813227 
     0.282000000000000       0.383935092693994 
     0.283000000000000       0.396539562918937 
     0.284000000000000       0.396173149799226 
     0.285000000000000       0.408856444069384 
     0.286000000000000       0.408501821002453 
     0.287000000000000       0.408129767891175 
     0.288000000000000       0.420718769143187 
     0.289000000000000       0.420316857316791 
     0.290000000000000       0.419902751794249 
     0.291000000000000       0.432553277298174 
     0.292000000000000       0.432141350251795 
     0.293000000000000       0.431710899495325 
     0.294000000000000       0.444264053366494 
     0.295000000000000       0.443800961020523 
     0.296000000000000       0.456406596314977 
     0.297000000000000       0.455952962612061 
     0.298000000000000       0.455504166770222 
     0.299000000000000       0.455049890144897 
     0.300000000000000       0.467615836064104 
     0.301000000000000       0.467148674351392 
     0.302000000000000       0.479792627091676 
     0.303000000000000       0.479354019949927 
     0.304000000000000       0.478903781282840 
     0.305000000000000       0.491486304070451 
     0.306000000000000       0.491038395925219 
     0.307000000000000       0.490607473327060 
     0.308000000000000       0.503324893902384 
     0.309000000000000       0.502994831788943 
     0.310000000000000       0.502700137253726 
     0.311000000000000       0.515490614824149 
     0.312000000000000       0.515311121501590 
     0.313000000000000       0.528352448173530 
     0.314000000000000       0.528416066168216 
     0.315000000000000       0.528584756694011 
     0.316000000000000       0.528851855927435 
     0.317000000000000       0.542256421896782 
     0.318000000000000       0.542730816557675 
     0.319000000000000       0.556404571158518 
     0.320000000000000       0.557110708346075 
     0.321000000000000       0.557897894047786 
     0.322000000000000       0.571790508246574 
     0.323000000000000       0.572661790667846 
     0.324000000000000       0.573563186746503 
     0.325000000000000       0.587582991279229 
     0.326000000000000       0.588564042656007 
     0.327000000000000       0.589552866380286 
     0.328000000000000       0.603605212766158 
     0.329000000000000       0.604580929097025 
     0.330000000000000       0.618672849070975 
     0.331000000000000       0.619678801989080 
     0.332000000000000       0.620671635473006 
     0.333000000000000       0.621643737195045 
     0.334000000000000       0.635635535155904 
     0.335000000000000       0.636503244238000 
     0.336000000000000       0.650449060657387 
     0.337000000000000       0.651216877741824 
     0.338000000000000       0.651873577175197 
     0.339000000000000       0.665512277071512 
     0.340000000000000       0.665922189038989 
     0.341000000000000       0.666240333027705 
     0.342000000000000       0.679646138178098 
     0.343000000000000       0.679852822985808 
     0.344000000000000       0.680007111157371 
     0.345000000000000       0.693216127838065 
     0.346000000000000       0.693274845252152 
     0.347000000000000       0.706464786618499 
     0.348000000000000       0.706483936867336 
     0.349000000000000       0.706468357955643 
     0.350000000000000       0.719536319894077 
     0.351000000000000       0.719454350992235 
     0.352000000000000       0.719344068945762 
     0.353000000000000       0.732398363953257 
     0.354000000000000       0.732272751355646 
     0.355000000000000       0.732121960689827 
     0.356000000000000       0.745066611590982 
     0.357000000000000       0.744860565170303 
     0.358000000000000       0.757817289553818 
     0.359000000000000       0.757601073149271 
     0.360000000000000       0.757376056690237 
     0.361000000000000       0.757131569774259 
     0.362000000000000       0.769990249076084 
     0.363000000000000       0.769703641130864 
     0.364000000000000       0.782598350104815 
     0.365000000000000       0.782320047129152 
     0.366000000000000       0.782022285398030 
     0.367000000000000       0.794837186967708 
     0.368000000000000       0.794505382069874 
     0.369000000000000       0.794158762399009 
     0.370000000000000       0.807005425720844 
     0.371000000000000       0.806672767676421 
     0.372000000000000       0.806320905344942 
     0.373000000000000       0.819093583390464 
     0.374000000000000       0.818704836777510 
     0.375000000000000       0.831510132153094 
     0.376000000000000       0.831134577189932 
     0.377000000000000       0.830750534007871 
     0.378000000000000       0.830355182352827 
     0.379000000000000       0.843085243212474 
     0.380000000000000       0.842662894123302 
     0.381000000000000       0.855441870718050 
     0.382000000000000       0.855044298917189 
     0.383000000000000       0.854628103079223 
     0.384000000000000       0.867343660826290 
     0.385000000000000       0.866893341027923 
     0.386000000000000       0.866434766535805 
     0.387000000000000       0.879192171105329 
     0.388000000000000       0.878754288953333 
     0.389000000000000       0.878301657237342 
     0.390000000000000       0.890994860616530 
     0.391000000000000       0.890523135014270 
     0.392000000000000       0.903267708842767 
     0.393000000000000       0.902833483133165 
     0.394000000000000       0.902406092437641 
     0.395000000000000       0.915129984551093 
     0.396000000000000       0.914715583950006 
     0.397000000000000       0.914304130166077 
     0.398000000000000       0.927119846176167 
     0.399000000000000       0.926774487764147 
     0.400000000000000       0.926432652595286 
     0.401000000000000       0.939263581713490 
     0.402000000000000       0.938935409518146 
     0.403000000000000       0.938632471115511 
     0.404000000000000       0.951588770626024 
     0.405000000000000       0.951360682057345 
     0.406000000000000       0.951153318501850 
     0.407000000000000       0.964128903674125 
     0.408000000000000       0.963969168260549 
     0.409000000000000       0.977067425413964 
     0.410000000000000       0.977012022080714 
     0.411000000000000       0.976986777679427 
     0.412000000000000       0.990164468114981 
     0.413000000000000       0.990196850518908 
     0.414000000000000       0.990256158619069 
     0.415000000000000       1.003589659878539 
     0.416000000000000       1.003736978360466 
     0.417000000000000       1.003895866513739 
     0.418000000000000       1.017246168397637 
     0.419000000000000       1.017429413976458 
     0.420000000000000       1.030863311598356 
     0.421000000000000       1.031112796618062 
     0.422000000000000       1.031385075948922 
     0.423000000000000       1.031670108877449 
     0.424000000000000       1.045147964137936 
     0.425000000000000       1.045457300328479 
     0.426000000000000       1.059032865144557 
     0.427000000000000       1.059420376037380 
     0.428000000000000       1.059813626258606 
     0.429000000000000       1.073403120036737 
     0.430000000000000       1.073815540842492 
     0.431000000000000       1.074242659050652 
     0.432000000000000       1.087938182507614 
     0.433000000000000       1.088425520356523 
     0.434000000000000       1.088915938142739 
     0.435000000000000       1.102598057102899 
     0.436000000000000       1.103093287864993 
     0.437000000000000       1.116839965937675 
     0.438000000000000       1.117387818656034 
     0.439000000000000       1.117943014297225 
     0.440000000000000       1.131690963078791 
     0.441000000000000       1.132256010543427 
     0.442000000000000       1.132822258279235 
     0.443000000000000       1.146654737265699 
     0.444000000000000       1.147278574847004 
     0.445000000000000       1.147900296591358 
     0.446000000000000       1.161725854978892 
     0.447000000000000       1.162348797486541 
     0.448000000000000       1.176226514815752 
     0.449000000000000       1.176897530453044 
     0.450000000000000       1.177583514042281 
     0.451000000000000       1.178271818850241 
     0.452000000000000       1.192163412007918 
     0.453000000000000       1.192856635702542 
     0.454000000000000       1.206819972195133 
     0.455000000000000       1.207573328892902 
     0.456000000000000       1.208327945680560 
     0.457000000000000       1.222294525966515 
     0.458000000000000       1.223058824723390 
     0.459000000000000       1.223832916061683 
     0.460000000000000       1.237889751806716 
     0.461000000000000       1.238722853109756 
     0.462000000000000       1.239557081093093 
     0.463000000000000       1.253609159322949 
     0.464000000000000       1.254447637261434 
     0.465000000000000       1.268560053188708 
     0.466000000000000       1.269454053167445 
     0.467000000000000       1.270358876129400 
     0.468000000000000       1.284476731846114 
     0.469000000000000       1.285393541353239 
     0.470000000000000       1.286307990596979 
     0.471000000000000       1.300506723955557 
     0.472000000000000       1.301483263133568 
     0.473000000000000       1.302454896024299 
     0.474000000000000       1.316654281414561 
     0.475000000000000       1.317627917312421 
     0.476000000000000       1.318615322807164 
     0.477000000000000       1.332893953969879 
     0.478000000000000       1.333931738115828 
     0.479000000000000       1.334970279393636 
     0.480000000000000       1.349230452117961 
     0.481000000000000       1.350268872262021 
     0.482000000000000       1.364587702642320 
     0.483000000000000       1.365683495872611 
     0.484000000000000       1.366781984068734 
     0.485000000000000       1.381108149890037 
     0.486000000000000       1.382211533276061 
     0.487000000000000       1.383317414795007 
     0.488000000000000       1.397712429576570 
     0.489000000000000       1.398871261237593 
     0.490000000000000       1.400023904129613 
     0.491000000000000       1.414404662507053 
     0.492000000000000       1.415543248396235 
     0.493000000000000       1.429950693117524 
     0.494000000000000       1.431119050343257 
     0.495000000000000       1.432290863960237 
     0.496000000000000       1.433453000263986 
     0.497000000000000       1.447829110630837 
     0.498000000000000       1.448956401827662 
     0.499000000000000       1.463347605699429 
     0.500000000000000       1.464482164646547 
