     0.000000000000000       0.000000000000000 
     0.001000000000000       0.000000000000000 
     0.002000000000000       0.000000000000000 
     0.003000000000000       0.000000000000000 
     0.004000000000000       0.000000000000000 
     0.005000000000000       0.000000000000000 
     0.006000000000000       0.000000000000000 
     0.007000000000000       0.000000000000000 
     0.008000000000000       0.000000000000000 
     0.009000000000000       0.000000000000000 
     0.010000000000000       0.000000000000000 
     0.011000000000000       0.000000000000000 
     0.012000000000000       0.000000000000000 
     0.013000000000000       0.000000000000000 
     0.014000000000000       0.000000000000000 
     0.015000000000000       0.000000000000000 
     0.016000000000000       0.000000000000000 
     0.017000000000000       0.000000000000000 
     0.018000000000000       0.000000000000000 
     0.019000000000000       0.000000000000000 
     0.020000000000000       0.000000000000000 
     0.021000000000000       0.000000000000000 
     0.022000000000000       0.000000000000000 
     0.023000000000000       0.000000000000000 
     0.024000000000000       0.000000000000000 
     0.025000000000000       0.000000000000000 
     0.026000000000000       0.000000000000000 
     0.027000000000000       0.000000000000000 
     0.028000000000000       0.000000000000000 
     0.029000000000000       0.000000000000000 
     0.030000000000000       0.000000000000000 
     0.031000000000000       0.000000000000000 
     0.032000000000000       0.000000000000000 
     0.033000000000000       0.000000000000000 
     0.034000000000000       0.000000000000000 
     0.035000000000000       0.000000000000000 
     0.036000000000000       0.000000000000000 
     0.037000000000000       0.000000000000000 
     0.038000000000000       0.000000000000000 
     0.039000000000000       0.000000000000000 
     0.040000000000000       0.000000000000000 
     0.041000000000000       0.000000000000000 
     0.042000000000000       0.000000000000000 
     0.043000000000000       0.000000000000000 
     0.044000000000000       0.000000000000000 
     0.045000000000000       0.000000000000000 
     0.046000000000000       0.000000000000000 
     0.047000000000000       0.000000000000000 
     0.048000000000000       0.000000000000000 
     0.049000000000000       0.000000000000000 
     0.050000000000000       0.000000000000000 
     0.051000000000000       0.000000000000000 
     0.052000000000000       0.000000000000000 
     0.053000000000000       0.000000000000000 
     0.054000000000000       0.000000000000000 
     0.055000000000000       0.000000000000000 
     0.056000000000000       0.000000000000000 
     0.057000000000000       0.000000000000000 
     0.058000000000000       0.000000000000000 
     0.059000000000000       0.000000000000000 
     0.060000000000000       0.000000000000000 
     0.061000000000000       0.000000000000000 
     0.062000000000000       0.000000000000000 
     0.063000000000000       0.000000000000000 
     0.064000000000000       0.000000000000000 
     0.065000000000000       0.000000000000000 
     0.066000000000000       0.000000000000000 
     0.067000000000000       0.000000000000000 
     0.068000000000000       0.000000000000000 
     0.069000000000000       0.000000000000000 
     0.070000000000000       0.000000000000000 
     0.071000000000000       0.000000000000000 
     0.072000000000000       0.000000000000000 
     0.073000000000000       0.000000000000000 
     0.074000000000000       0.000000000000000 
     0.075000000000000       0.000000000000000 
     0.076000000000000       0.000000000000000 
     0.077000000000000       0.000000000000000 
     0.078000000000000       0.000000000000000 
     0.079000000000000       0.000000000000000 
     0.080000000000000       0.000000000000000 
     0.081000000000000       0.000000000000000 
     0.082000000000000       0.000000000000000 
     0.083000000000000       0.000000000000000 
     0.084000000000000       0.000000000000000 
     0.085000000000000       0.000000000000000 
     0.086000000000000       0.000000000000000 
     0.087000000000000       0.000000000000000 
     0.088000000000000       0.000000000000000 
     0.089000000000000       0.000000000000000 
     0.090000000000000       0.000000000000000 
     0.091000000000000       0.000000000000000 
     0.092000000000000       0.000000000000000 
     0.093000000000000       0.000000000000000 
     0.094000000000000       0.000000000000000 
     0.095000000000000       0.000000000000000 
     0.096000000000000       0.000000000000000 
     0.097000000000000       0.000000000000000 
     0.098000000000000       0.000000000000000 
     0.099000000000000       0.000000000000000 
     0.100000000000000       0.000000000000000 
     0.101000000000000       0.000000000000000 
     0.102000000000000       0.000000000000000 
     0.103000000000000       0.000000000000000 
     0.104000000000000       0.000000000000000 
     0.105000000000000       0.000000000000000 
     0.106000000000000       0.000000000000000 
     0.107000000000000       0.000000000000000 
     0.108000000000000       0.000000000000000 
     0.109000000000000       0.000000000000000 
     0.110000000000000       0.000000000000000 
     0.111000000000000       0.000000000000000 
     0.112000000000000       0.000000000000000 
     0.113000000000000       0.000000000000000 
     0.114000000000000       0.000000000000000 
     0.115000000000000       0.000000000000000 
     0.116000000000000       0.000000000000000 
     0.117000000000000       0.000000000000000 
     0.118000000000000       0.000000000000000 
     0.119000000000000       0.000000000000000 
     0.120000000000000       0.000000000000000 
     0.121000000000000       0.000000000000000 
     0.122000000000000       0.000000000000000 
     0.123000000000000       0.000000000000000 
     0.124000000000000       0.000000000000000 
     0.125000000000000       0.000000000000000 
     0.126000000000000       0.000000000000000 
     0.127000000000000       0.000000000000000 
     0.128000000000000       0.000000000000000 
     0.129000000000000       0.000000000000000 
     0.130000000000000       0.000000000000000 
     0.131000000000000       0.000000000000000 
     0.132000000000000       0.000000000000000 
     0.133000000000000       0.000000000000000 
     0.134000000000000       0.000000000000000 
     0.135000000000000       0.000000000000000 
     0.136000000000000       0.000000000000000 
     0.137000000000000       0.000000000000000 
     0.138000000000000       0.000000000000000 
     0.139000000000000       0.000000000000000 
     0.140000000000000       0.000000000000000 
     0.141000000000000       0.000000000000000 
     0.142000000000000       0.000000000000000 
     0.143000000000000       0.000000000000000 
     0.144000000000000       0.000000000000000 
     0.145000000000000       0.000000000000000 
     0.146000000000000       0.000000000000000 
     0.147000000000000       0.000000000000000 
     0.148000000000000       0.000000000000000 
     0.149000000000000       0.000000000000000 
     0.150000000000000       0.000000000000000 
     0.151000000000000       0.000000000000000 
     0.152000000000000       0.000000000000000 
     0.153000000000000       0.000000000000000 
     0.154000000000000       0.000000000000000 
     0.155000000000000       0.000000000000000 
     0.156000000000000       0.000000000000000 
     0.157000000000000       0.000000000000000 
     0.158000000000000       0.000000000000000 
     0.159000000000000       0.000000000000000 
     0.160000000000000       0.000000000000000 
     0.161000000000000       0.000000000000000 
     0.162000000000000       0.000000000000000 
     0.163000000000000       0.000000000000000 
     0.164000000000000       0.000000000000000 
     0.165000000000000       0.000000000000000 
     0.166000000000000       0.000000000000000 
     0.167000000000000       0.000000000000000 
     0.168000000000000       0.000000000000000 
     0.169000000000000       0.000000000000000 
     0.170000000000000       0.000000000000000 
     0.171000000000000       0.000000000000000 
     0.172000000000000       0.000000000000000 
     0.173000000000000       0.000000000000000 
     0.174000000000000       0.000000000000000 
     0.175000000000000       0.000000000000000 
     0.176000000000000       0.000000000000000 
     0.177000000000000       0.000000000000000 
     0.178000000000000       0.000000000000000 
     0.179000000000000       0.000000000000000 
     0.180000000000000       0.000000000000000 
     0.181000000000000       0.000000000000000 
     0.182000000000000       0.000000000000000 
     0.183000000000000       0.000000000000000 
     0.184000000000000       0.000000000000000 
     0.185000000000000       0.000000000000000 
     0.186000000000000       0.000000000000000 
     0.187000000000000       0.000000000000000 
     0.188000000000000       0.000000000000000 
     0.189000000000000       0.000000000000000 
     0.190000000000000       0.000000000000000 
     0.191000000000000       0.000000000000000 
     0.192000000000000       0.000000000000000 
     0.193000000000000       0.000000000000000 
     0.194000000000000       0.000000000000000 
     0.195000000000000       0.000000000000000 
     0.196000000000000       0.000000000000000 
     0.197000000000000       0.000000000000000 
     0.198000000000000       0.000000000000000 
     0.199000000000000       0.000000000000000 
     0.200000000000000       0.000000000000000 
     0.201000000000000       0.000000000000000 
     0.202000000000000       0.000000000000000 
     0.203000000000000       0.000000000000000 
     0.204000000000000       0.000000000000000 
     0.205000000000000       0.000000000000000 
     0.206000000000000       0.000000000000000 
     0.207000000000000       0.000000000000000 
     0.208000000000000       0.000000000000000 
     0.209000000000000       0.000000000000000 
     0.210000000000000       0.000000000000000 
     0.211000000000000       0.000000000000000 
     0.212000000000000       0.000000000000000 
     0.213000000000000       0.000000000000000 
     0.214000000000000       0.000000000000000 
     0.215000000000000       0.000000000000000 
     0.216000000000000       0.000000000000000 
     0.217000000000000       0.000000000000000 
     0.218000000000000       0.000000000000000 
     0.219000000000000       0.000000000000000 
     0.220000000000000       0.000000000000000 
     0.221000000000000       0.000000000000000 
     0.222000000000000       0.000000000000000 
     0.223000000000000       0.000000000000000 
     0.224000000000000       0.067994593481910 
     0.225000000000000       0.100400035300623 
     0.226000000000000       0.111900372083904 
     0.227000000000000       0.136230777645045 
     0.228000000000000       0.136566510792017 
     0.229000000000000       0.149402517590699 
     0.230000000000000       0.162348540384572 
     0.231000000000000       0.162739260712051 
     0.232000000000000       0.163060445773990 
     0.233000000000000       0.175938642476746 
     0.234000000000000       0.176247497920476 
     0.235000000000000       0.189478221804725 
     0.236000000000000       0.189903224038261 
     0.237000000000000       0.190309758110923 
     0.238000000000000       0.203343413018732 
     0.239000000000000       0.203751642771167 
     0.240000000000000       0.204151085357800 
     0.241000000000000       0.217330657627299 
     0.242000000000000       0.217686673959463 
     0.243000000000000       0.218013188338416 
     0.244000000000000       0.230975268031898 
     0.245000000000000       0.231293101275336 
     0.246000000000000       0.244267454890215 
     0.247000000000000       0.244575324765883 
     0.248000000000000       0.244898933076957 
     0.249000000000000       0.257924422448955 
     0.250000000000000       0.258277026640895 
     0.251000000000000       0.258632232410175 
     0.252000000000000       0.271691328693837 
     0.253000000000000       0.272026669185665 
     0.254000000000000       0.272341053512475 
     0.255000000000000       0.285361376018161 
     0.256000000000000       0.285621593163787 
     0.257000000000000       0.285857496259981 
     0.258000000000000       0.298983217551109 
     0.259000000000000       0.299218166225220 
     0.260000000000000       0.299429806244026 
     0.261000000000000       0.312341968503439 
     0.262000000000000       0.312487130197018 
     0.263000000000000       0.312601635547118 
     0.264000000000000       0.325469036278442 
     0.265000000000000       0.325522527669136 
     0.266000000000000       0.325542357444668 
     0.267000000000000       0.338350926847882 
     0.268000000000000       0.338315167274873 
     0.269000000000000       0.351140248888667 
     0.270000000000000       0.351053543284038 
     0.271000000000000       0.350974713200269 
     0.272000000000000       0.350926936735471 
     0.273000000000000       0.363746667825842 
     0.274000000000000       0.363783262070351 
     0.275000000000000       0.376734081394213 
     0.276000000000000       0.376845124812830 
     0.277000000000000       0.376981589116179 
     0.278000000000000       0.390006624116108 
     0.279000000000000       0.390152943409433 
     0.280000000000000       0.390303509820287 
     0.281000000000000       0.403399819363853 
     0.282000000000000       0.403572851019229 
     0.283000000000000       0.403745456351251 
     0.284000000000000       0.416825333104139 
     0.285000000000000       0.416972638230774 
     0.286000000000000       0.430098782712557 
     0.287000000000000       0.430246179897463 
     0.288000000000000       0.430387627226526 
     0.289000000000000       0.443476458458367 
     0.290000000000000       0.443590939616508 
     0.291000000000000       0.443690974175068 
     0.292000000000000       0.456832197281752 
     0.293000000000000       0.456943207556316 
     0.294000000000000       0.457043287026389 
     0.295000000000000       0.470136836028372 
     0.296000000000000       0.470211212166427 
     0.297000000000000       0.470277232188062 
     0.298000000000000       0.483436597766508 
     0.299000000000000       0.483517331686395 
     0.300000000000000       0.483586539281617 
     0.301000000000000       0.496671309400908 
     0.302000000000000       0.496718153196950 
     0.303000000000000       0.509862837555755 
     0.304000000000000       0.509922541596220 
     0.305000000000000       0.509978567397253 
     0.306000000000000       0.523071541553447 
     0.307000000000000       0.523108624561157 
     0.308000000000000       0.523131934626289 
     0.309000000000000       0.536295961694867 
     0.310000000000000       0.536339214305427 
     0.311000000000000       0.536370990106928 
     0.312000000000000       0.549443375776674 
     0.313000000000000       0.549449708993656 
     0.314000000000000       0.549446374558153 
     0.315000000000000       0.562579256297935 
     0.316000000000000       0.562595549270569 
     0.317000000000000       0.562600438453661 
     0.318000000000000       0.575657242625446 
     0.319000000000000       0.575640003159650 
     0.320000000000000       0.588757597875992 
     0.321000000000000       0.588751291621474 
     0.322000000000000       0.588741199153157 
     0.323000000000000       0.588716752752763 
     0.324000000000000       0.601754319922611 
     0.325000000000000       0.601716138134604 
     0.326000000000000       0.614815297432134 
     0.327000000000000       0.614812326962367 
     0.328000000000000       0.614820722046437 
     0.329000000000000       0.627897380400878 
     0.330000000000000       0.627923164991614 
     0.331000000000000       0.627956516096669 
     0.332000000000000       0.641120648266071 
     0.333000000000000       0.641195980802145 
     0.334000000000000       0.641268402401606 
     0.335000000000000       0.654413553637459 
     0.336000000000000       0.654471408754759 
     0.337000000000000       0.667676816506846 
     0.338000000000000       0.667752013180850 
     0.339000000000000       0.667824768616933 
     0.340000000000000       0.667883779935561 
     0.341000000000000       0.681019987169318 
     0.342000000000000       0.681052815061229 
     0.343000000000000       0.694245069808328 
     0.344000000000000       0.694294418114355 
     0.345000000000000       0.694329820584175 
     0.346000000000000       0.707459970496336 
     0.347000000000000       0.707466186362529 
     0.348000000000000       0.707465814934634 
     0.349000000000000       0.720678600534734 
     0.350000000000000       0.720720361949548 
     0.351000000000000       0.720759528290223 
     0.352000000000000       0.733909139351102 
     0.353000000000000       0.733936370884280 
     0.354000000000000       0.747144491324093 
     0.355000000000000       0.747187941142066 
     0.356000000000000       0.747227377554998 
     0.357000000000000       0.747251532752832 
     0.358000000000000       0.760387549288888 
     0.359000000000000       0.760390151020495 
     0.360000000000000       0.773587656499968 
     0.361000000000000       0.773613033073801 
     0.362000000000000       0.773622395800638 
     0.363000000000000       0.786748292079640 
     0.364000000000000       0.786729992429862 
     0.365000000000000       0.786702810249164 
     0.366000000000000       0.799894879491523 
     0.367000000000000       0.799887115644019 
     0.368000000000000       0.799864621044508 
     0.369000000000000       0.812952463048141 
     0.370000000000000       0.812904434481691 
     0.371000000000000       0.826042255339004 
     0.372000000000000       0.826006277468680 
     0.373000000000000       0.825959453901879 
     0.374000000000000       0.825892593381802 
     0.375000000000000       0.838952962693739 
     0.376000000000000       0.838861474420895 
     0.377000000000000       0.851984240015888 
     0.378000000000000       0.851908675364450 
     0.379000000000000       0.851815987990239 
     0.380000000000000       0.864840934947425 
     0.381000000000000       0.864719258954901 
     0.382000000000000       0.864588891223049 
     0.383000000000000       0.877669792340548 
     0.384000000000000       0.877554911844486 
     0.385000000000000       0.877426974300009 
     0.386000000000000       0.890419654095910 
     0.387000000000000       0.890266240054137 
     0.388000000000000       0.903306712710009 
     0.389000000000000       0.903179101624749 
     0.390000000000000       0.903055647512264 
     0.391000000000000       0.902930390546858 
     0.392000000000000       0.915938578973094 
     0.393000000000000       0.915806313917761 
     0.394000000000000       0.928880217464624 
     0.395000000000000       0.928786706243239 
     0.396000000000000       0.928682791964155 
     0.397000000000000       0.941708455021251 
     0.398000000000000       0.941585762838287 
     0.399000000000000       0.941452937768911 
     0.400000000000000       0.954541655176023 
     0.401000000000000       0.954428862826649 
     0.402000000000000       0.954303086509299 
     0.403000000000000       0.967316422935314 
     0.404000000000000       0.967167132511426 
     0.405000000000000       0.980235571740765 
     0.406000000000000       0.980105754949358 
     0.407000000000000       0.979971174507996 
     0.408000000000000       0.979828536154510 
     0.409000000000000       0.992838025325666 
     0.410000000000000       0.992690698555608 
     0.411000000000000       1.005764206742841 
     0.412000000000000       1.005661850859909 
     0.413000000000000       1.005573271268329 
     0.414000000000000       1.018667487861912 
     0.415000000000000       1.018645675166573 
     0.416000000000000       1.018687087556188 
     0.417000000000000       1.031980468818899 
     0.418000000000000       1.032146039068872 
     0.419000000000000       1.032350976179833 
     0.420000000000000       1.045727805724242 
     0.421000000000000       1.045972137497433 
     0.422000000000000       1.059434868506170 
     0.423000000000000       1.059746309517331 
     0.424000000000000       1.060067257004638 
     0.425000000000000       1.073555389886007 
     0.426000000000000       1.073882425938265 
     0.427000000000000       1.074214986859841 
     0.428000000000000       1.087777563932988 
     0.429000000000000       1.088152317857235 
     0.430000000000000       1.088524541438243 
     0.431000000000000       1.102074776661018 
     0.432000000000000       1.102438082983351 
     0.433000000000000       1.116032938432436 
     0.434000000000000       1.116424633567439 
     0.435000000000000       1.116820034610305 
     0.436000000000000       1.130389345273432 
     0.437000000000000       1.130773264694906 
     0.438000000000000       1.131145525287454 
     0.439000000000000       1.144761457601277 
     0.440000000000000       1.145159433342235 
     0.441000000000000       1.145543337873800 
     0.442000000000000       1.159112314808555 
     0.443000000000000       1.159463574068560 
     0.444000000000000       1.173058434455738 
     0.445000000000000       1.173419105503360 
     0.446000000000000       1.173770921761808 
     0.447000000000000       1.174111091828154 
     0.448000000000000       1.187629467735405 
     0.449000000000000       1.187933867701544 
     0.450000000000000       1.201486321999395 
     0.451000000000000       1.201803555268079 
     0.452000000000000       1.202098213958699 
     0.453000000000000       1.215587460942169 
     0.454000000000000       1.215853805243567 
     0.455000000000000       1.216102933773657 
     0.456000000000000       1.229626375762477 
     0.457000000000000       1.229893781738697 
     0.458000000000000       1.230137627500609 
     0.459000000000000       1.243580585897222 
     0.460000000000000       1.243791643611784 
     0.461000000000000       1.257253770785919 
     0.462000000000000       1.257476247614409 
     0.463000000000000       1.257687991845211 
     0.464000000000000       1.257882113872821 
     0.465000000000000       1.271276474489731 
     0.466000000000000       1.271442295712998 
     0.467000000000000       1.284881558707085 
     0.468000000000000       1.285068642817338 
     0.469000000000000       1.285236294571385 
     0.470000000000000       1.298607309321682 
     0.471000000000000       1.298746464844086 
     0.472000000000000       1.298882641502294 
     0.473000000000000       1.312292992444345 
     0.474000000000000       1.312447180753740 
     0.475000000000000       1.312582662203258 
     0.476000000000000       1.325928886392459 
     0.477000000000000       1.326040299227671 
     0.478000000000000       1.339429146353041 
     0.479000000000000       1.339564038318752 
     0.480000000000000       1.339696872958294 
     0.481000000000000       1.353037776416524 
     0.482000000000000       1.353160905117907 
     0.483000000000000       1.353271915985328 
     0.484000000000000       1.366679062885538 
     0.485000000000000       1.366833725374876 
     0.486000000000000       1.366980949557950 
     0.487000000000000       1.380354375414495 
     0.488000000000000       1.380497436796103 
     0.489000000000000       1.380646990157686 
     0.490000000000000       1.394104751203164 
     0.491000000000000       1.394299291651761 
     0.492000000000000       1.394497749694304 
     0.493000000000000       1.407933327743780 
     0.494000000000000       1.408146022140807 
     0.495000000000000       1.421659135162800 
     0.496000000000000       1.421935032902775 
     0.497000000000000       1.422226324152266 
     0.498000000000000       1.435753989283086 
     0.499000000000000       1.436076326492145 
     0.500000000000000       1.436407283093695 
