#INST  CMOD   FORCE   
0.000000E+00          0.000000E+00              0.000000E+00 
1.000000E-03          3.496073E-03              1.395915E+02 
2.000000E-03          6.992308E-03              2.791036E+02 
3.000000E-03          1.048865E-02              4.185638E+02 
4.000000E-03          1.398510E-02              5.580413E+02 
5.000000E-03          1.748166E-02              6.975362E+02 
6.000000E-03          2.097852E-02              8.369119E+02 
7.000000E-03          2.447617E-02              9.761953E+02 
8.000000E-03          2.797449E-02              1.115336E+03 
9.000000E-03          3.147360E-02              1.254302E+03 
1.000000E-02          3.497370E-02              1.393039E+03 
1.100000E-02          3.847472E-02              1.531561E+03 
1.200000E-02          4.197665E-02              1.669877E+03 
1.300000E-02          4.547951E-02              1.807978E+03 
1.400000E-02          4.898336E-02              1.945848E+03 
1.500000E-02          5.248812E-02              2.083508E+03 
1.600000E-02          5.599382E-02              2.220952E+03 
1.700000E-02          5.950055E-02              2.358154E+03 
1.800000E-02          6.300828E-02              2.495120E+03 
1.900000E-02          6.651699E-02              2.631857E+03 
2.000000E-02          7.002666E-02              2.768370E+03 
2.100000E-02          7.353735E-02              2.904641E+03 
2.200000E-02          7.704909E-02              3.040663E+03 
2.300000E-02          8.056187E-02              3.176436E+03 
2.400000E-02          8.407570E-02              3.311961E+03 
2.500000E-02          8.759064E-02              3.447218E+03 
2.600000E-02          9.110672E-02              3.582199E+03 
2.700000E-02          9.462395E-02              3.716899E+03 
2.800000E-02          9.814238E-02              3.851306E+03 
2.900000E-02          1.016620E-01              3.985412E+03 
3.000000E-02          1.051829E-01              4.119212E+03 
3.100000E-02          1.087051E-01              4.252691E+03 
3.200000E-02          1.122286E-01              4.385837E+03 
3.300000E-02          1.157534E-01              4.518648E+03 
3.400000E-02          1.192796E-01              4.651111E+03 
3.500000E-02          1.228073E-01              4.783219E+03 
3.600000E-02          1.263363E-01              4.914971E+03 
3.700000E-02          1.298667E-01              5.046354E+03 
3.800000E-02          1.333987E-01              5.177359E+03 
3.900000E-02          1.369321E-01              5.307989E+03 
4.000000E-02          1.404670E-01              5.438229E+03 
4.100000E-02          1.440034E-01              5.568080E+03 
4.200000E-02          1.475414E-01              5.697523E+03 
4.300000E-02          1.510810E-01              5.826557E+03 
4.400000E-02          1.546221E-01              5.955179E+03 
4.500000E-02          1.581649E-01              6.083380E+03 
4.600000E-02          1.617093E-01              6.211149E+03 
4.700000E-02          1.652553E-01              6.338494E+03 
4.800000E-02          1.688030E-01              6.465390E+03 
4.900000E-02          1.723524E-01              6.591841E+03 
5.000000E-02          1.759035E-01              6.717856E+03 
5.100000E-02          1.794562E-01              6.843419E+03 
5.200000E-02          1.830107E-01              6.968512E+03 
5.300000E-02          1.865671E-01              7.093121E+03 
5.400000E-02          1.901254E-01              7.217204E+03 
5.500000E-02          1.936858E-01              7.340691E+03 
5.600000E-02          1.972485E-01              7.463591E+03 
5.700000E-02          2.008135E-01              7.585885E+03 
5.800000E-02          2.043808E-01              7.707524E+03 
5.900000E-02          2.079508E-01              7.828442E+03 
6.000000E-02          2.115236E-01              7.948606E+03 
6.100000E-02          2.150991E-01              8.068017E+03 
6.200000E-02          2.186778E-01              8.186558E+03 
6.300000E-02          2.222599E-01              8.304176E+03 
6.400000E-02          2.258454E-01              8.420843E+03 
6.500000E-02          2.294345E-01              8.536525E+03 
6.600000E-02          2.330273E-01              8.651203E+03 
6.700000E-02          2.366244E-01              8.764709E+03 
6.800000E-02          2.402258E-01              8.877017E+03 
6.900000E-02          2.438315E-01              8.988134E+03 
7.000000E-02          2.474417E-01              9.098025E+03 
7.100000E-02          2.510566E-01              9.206602E+03 
7.200000E-02          2.546763E-01              9.313832E+03 
7.300000E-02          2.583006E-01              9.419814E+03 
7.400000E-02          2.619299E-01              9.524435E+03 
7.500000E-02          2.655639E-01              9.627729E+03 
7.600000E-02          2.692028E-01              9.729661E+03 
7.700000E-02          2.728467E-01              9.830202E+03 
7.800000E-02          2.764957E-01              9.929336E+03 
7.900000E-02          2.801499E-01              1.002703E+04 
8.000000E-02          2.838093E-01              1.012324E+04 
8.100000E-02          2.874741E-01              1.021798E+04 
8.200000E-02          2.911442E-01              1.031125E+04 
8.300000E-02          2.948194E-01              1.040308E+04 
8.400000E-02          2.984998E-01              1.049348E+04 
8.500000E-02          3.021850E-01              1.058242E+04 
8.600000E-02          3.058753E-01              1.066989E+04 
8.700000E-02          3.095708E-01              1.075591E+04 
8.800000E-02          3.132717E-01              1.084041E+04 
8.900000E-02          3.169781E-01              1.092336E+04 
9.000000E-02          3.206897E-01              1.100487E+04 
9.100000E-02          3.244068E-01              1.108484E+04 
9.200000E-02          3.281296E-01              1.116320E+04 
9.300000E-02          3.318578E-01              1.124006E+04 
9.400000E-02          3.355913E-01              1.131541E+04 
9.500000E-02          3.393300E-01              1.138933E+04 
9.600000E-02          3.430745E-01              1.146163E+04 
9.700000E-02          3.468245E-01              1.153236E+04 
9.800000E-02          3.505798E-01              1.160164E+04 
9.900000E-02          3.543407E-01              1.166934E+04 
1.000000E-01          3.581076E-01              1.173538E+04 
1.010000E-01          3.618802E-01              1.179984E+04 
1.020000E-01          3.656585E-01              1.186269E+04 
1.030000E-01          3.694432E-01              1.192377E+04 
1.040000E-01          3.732345E-01              1.198305E+04 
1.050000E-01          3.770325E-01              1.204049E+04 
1.060000E-01          3.808378E-01              1.209590E+04 
1.070000E-01          3.846508E-01              1.214921E+04 
1.080000E-01          3.884713E-01              1.220050E+04 
1.090000E-01          3.922993E-01              1.224978E+04 
1.100000E-01          3.961343E-01              1.229713E+04 
1.110000E-01          3.999772E-01              1.234240E+04 
1.120000E-01          4.038280E-01              1.238556E+04 
1.130000E-01          4.076868E-01              1.242657E+04 
1.140000E-01          4.115544E-01              1.246526E+04 
1.150000E-01          4.154318E-01              1.250134E+04 
1.160000E-01          4.193202E-01              1.253455E+04 
1.170000E-01          4.232209E-01              1.256447E+04 
1.180000E-01          4.271355E-01              1.259077E+04 
1.190000E-01          4.310620E-01              1.261391E+04 
1.200000E-01          4.349963E-01              1.263499E+04 
1.210000E-01          4.389360E-01              1.265466E+04 
1.220000E-01          4.428800E-01              1.267323E+04 
1.230000E-01          4.468277E-01              1.269085E+04 
1.240000E-01          4.507784E-01              1.270767E+04 
1.250000E-01          4.547319E-01              1.272378E+04 
1.260000E-01          4.586878E-01              1.273927E+04 
1.270000E-01          4.626459E-01              1.275421E+04 
1.280000E-01          4.666060E-01              1.276864E+04 
1.290000E-01          4.705679E-01              1.278259E+04 
1.300000E-01          4.745316E-01              1.279612E+04 
1.310000E-01          4.784969E-01              1.280925E+04 
1.320000E-01          4.824636E-01              1.282202E+04 
1.330000E-01          4.864316E-01              1.283447E+04 
1.340000E-01          4.904008E-01              1.284662E+04 
1.350000E-01          4.943710E-01              1.285852E+04 
1.360000E-01          4.983423E-01              1.287017E+04 
1.370000E-01          5.023145E-01              1.288161E+04 
1.380000E-01          5.062876E-01              1.289284E+04 
1.390000E-01          5.102615E-01              1.290388E+04 
1.400000E-01          5.142361E-01              1.291475E+04 
1.410000E-01          5.182115E-01              1.292545E+04 
1.420000E-01          5.221875E-01              1.293599E+04 
1.430000E-01          5.261642E-01              1.294639E+04 
1.440000E-01          5.301416E-01              1.295663E+04 
1.450000E-01          5.341196E-01              1.296673E+04 
1.460000E-01          5.380982E-01              1.297671E+04 
1.470000E-01          5.420774E-01              1.298655E+04 
1.480000E-01          5.460571E-01              1.299627E+04 
1.490000E-01          5.500374E-01              1.300588E+04 
1.500000E-01          5.540182E-01              1.301537E+04 
1.510000E-01          5.579995E-01              1.302475E+04 
1.520000E-01          5.619813E-01              1.303402E+04 
1.530000E-01          5.659637E-01              1.304320E+04 
1.540000E-01          5.699465E-01              1.305226E+04 
1.550000E-01          5.739297E-01              1.306123E+04 
1.560000E-01          5.779135E-01              1.307011E+04 
1.570000E-01          5.818977E-01              1.307889E+04 
1.580000E-01          5.858823E-01              1.308757E+04 
1.590000E-01          5.898674E-01              1.309617E+04 
1.600000E-01          5.938529E-01              1.310467E+04 
1.610000E-01          5.978389E-01              1.311309E+04 
1.620000E-01          6.018253E-01              1.312142E+04 
1.630000E-01          6.058121E-01              1.312967E+04 
1.640000E-01          6.097993E-01              1.313784E+04 
1.650000E-01          6.137869E-01              1.314593E+04 
1.660000E-01          6.177749E-01              1.315394E+04 
1.670000E-01          6.217633E-01              1.316188E+04 
1.680000E-01          6.257521E-01              1.316975E+04 
1.690000E-01          6.297412E-01              1.317755E+04 
1.700000E-01          6.337307E-01              1.318528E+04 
1.710000E-01          6.377205E-01              1.319295E+04 
1.720000E-01          6.417106E-01              1.320056E+04 
1.730000E-01          6.457011E-01              1.320811E+04 
1.740000E-01          6.496919E-01              1.321560E+04 
1.750000E-01          6.536830E-01              1.322303E+04 
1.760000E-01          6.576745E-01              1.323041E+04 
1.770000E-01          6.616662E-01              1.323773E+04 
1.780000E-01          6.656583E-01              1.324499E+04 
1.790000E-01          6.696507E-01              1.325221E+04 
1.800000E-01          6.736434E-01              1.325936E+04 
1.810000E-01          6.776364E-01              1.326647E+04 
1.820000E-01          6.816297E-01              1.327352E+04 
1.830000E-01          6.856232E-01              1.328052E+04 
1.840000E-01          6.896171E-01              1.328747E+04 
1.850000E-01          6.936113E-01              1.329437E+04 
1.860000E-01          6.976058E-01              1.330123E+04 
1.870000E-01          7.016005E-01              1.330803E+04 
1.880000E-01          7.055956E-01              1.331478E+04 
1.890000E-01          7.095909E-01              1.332149E+04 
1.900000E-01          7.135865E-01              1.332815E+04 
1.910000E-01          7.175824E-01              1.333476E+04 
1.920000E-01          7.215786E-01              1.334133E+04 
1.930000E-01          7.255751E-01              1.334785E+04 
1.940000E-01          7.295718E-01              1.335433E+04 
1.950000E-01          7.335688E-01              1.336076E+04 
1.960000E-01          7.375661E-01              1.336714E+04 
1.970000E-01          7.415636E-01              1.337349E+04 
1.980000E-01          7.455614E-01              1.337979E+04 
1.990000E-01          7.495595E-01              1.338605E+04 
2.000000E-01          7.535578E-01              1.339227E+04 
2.010000E-01          7.575564E-01              1.339845E+04 
2.020000E-01          7.615553E-01              1.340458E+04 
2.030000E-01          7.655544E-01              1.341068E+04 
2.040000E-01          7.695537E-01              1.341674E+04 
2.050000E-01          7.735534E-01              1.342276E+04 
2.060000E-01          7.775532E-01              1.342874E+04 
2.070000E-01          7.815534E-01              1.343465E+04 
2.080000E-01          7.855539E-01              1.344052E+04 
2.090000E-01          7.895547E-01              1.344636E+04 
2.100000E-01          7.935557E-01              1.345215E+04 
2.110000E-01          7.975569E-01              1.345791E+04 
2.120000E-01          8.015584E-01              1.346363E+04 
2.130000E-01          8.055601E-01              1.346931E+04 
2.140000E-01          8.095621E-01              1.347494E+04 
2.150000E-01          8.135644E-01              1.348051E+04 
2.160000E-01          8.175671E-01              1.348604E+04 
2.170000E-01          8.215699E-01              1.349152E+04 
2.180000E-01          8.255731E-01              1.349697E+04 
2.190000E-01          8.295764E-01              1.350239E+04 
2.200000E-01          8.335800E-01              1.350777E+04 
2.210000E-01          8.375838E-01              1.351311E+04 
2.220000E-01          8.415879E-01              1.351841E+04 
2.230000E-01          8.455924E-01              1.352364E+04 
2.240000E-01          8.495972E-01              1.352881E+04 
2.250000E-01          8.536022E-01              1.353394E+04 
2.260000E-01          8.576075E-01              1.353903E+04 
2.270000E-01          8.616131E-01              1.354408E+04 
2.280000E-01          8.656189E-01              1.354910E+04 
2.290000E-01          8.696249E-01              1.355408E+04 
2.300000E-01          8.736313E-01              1.355900E+04 
2.310000E-01          8.776379E-01              1.356387E+04 
2.320000E-01          8.816449E-01              1.356869E+04 
2.330000E-01          8.856520E-01              1.357348E+04 
2.340000E-01          8.896595E-01              1.357823E+04 
2.350000E-01          8.936618E-01              1.358443E+04 
2.360000E-01          8.976689E-01              1.358931E+04 
2.370000E-01          9.016767E-01              1.359404E+04 
2.380000E-01          9.056849E-01              1.359871E+04 
2.390000E-01          9.096933E-01              1.360333E+04 
2.400000E-01          9.137020E-01              1.360791E+04 
2.410000E-01          9.177111E-01              1.361243E+04 
2.420000E-01          9.217204E-01              1.361690E+04 
2.430000E-01          9.257300E-01              1.362133E+04 
2.440000E-01          9.297398E-01              1.362572E+04 
2.450000E-01          9.337454E-01              1.363134E+04 
2.460000E-01          9.377552E-01              1.363581E+04 
2.470000E-01          9.417655E-01              1.364015E+04 
2.480000E-01          9.457762E-01              1.364443E+04 
2.490000E-01          9.497873E-01              1.364864E+04 
2.500000E-01          9.537986E-01              1.365279E+04 
2.510000E-01          9.578102E-01              1.365691E+04 
2.520000E-01          9.618222E-01              1.366097E+04 
2.530000E-01          9.658343E-01              1.366499E+04 
2.540000E-01          9.698469E-01              1.366895E+04 
2.550000E-01          9.738597E-01              1.367286E+04 
2.560000E-01          9.778728E-01              1.367672E+04 
2.570000E-01          9.818861E-01              1.368054E+04 
2.580000E-01          9.858998E-01              1.368430E+04 
2.590000E-01          9.899138E-01              1.368799E+04 
2.600000E-01          9.939281E-01              1.369164E+04 
2.610000E-01          9.979428E-01              1.369522E+04 
2.620000E-01          1.001956E+00              1.369934E+04 
2.630000E-01          1.005971E+00              1.370291E+04 
2.640000E-01          1.009987E+00              1.370626E+04 
2.650000E-01          1.013999E+00              1.371055E+04 
2.660000E-01          1.018015E+00              1.371398E+04 
2.670000E-01          1.022031E+00              1.371721E+04 
2.680000E-01          1.026049E+00              1.372032E+04 
2.690000E-01          1.030066E+00              1.372332E+04 
2.700000E-01          1.034084E+00              1.372622E+04 
2.710000E-01          1.038103E+00              1.372903E+04 
2.720000E-01          1.042122E+00              1.373172E+04 
2.730000E-01          1.046141E+00              1.373432E+04 
2.740000E-01          1.050162E+00              1.373679E+04 
2.750000E-01          1.054182E+00              1.373914E+04 
2.760000E-01          1.058203E+00              1.374135E+04 
2.770000E-01          1.062225E+00              1.374339E+04 
2.780000E-01          1.066248E+00              1.374530E+04 
2.790000E-01          1.070271E+00              1.374706E+04 
2.800000E-01          1.074295E+00              1.374868E+04 
2.810000E-01          1.078319E+00              1.375013E+04 
2.820000E-01          1.082344E+00              1.375141E+04 
2.830000E-01          1.086370E+00              1.375255E+04 
2.840000E-01          1.090397E+00              1.375356E+04 
2.850000E-01          1.094423E+00              1.375453E+04 
2.860000E-01          1.098448E+00              1.375598E+04 
2.870000E-01          1.102472E+00              1.375789E+04 
2.880000E-01          1.106497E+00              1.375936E+04 
2.890000E-01          1.110523E+00              1.376067E+04 
2.900000E-01          1.114549E+00              1.376189E+04 
2.910000E-01          1.118576E+00              1.376303E+04 
2.920000E-01          1.122603E+00              1.376417E+04 
2.930000E-01          1.126630E+00              1.376528E+04 
2.940000E-01          1.130657E+00              1.376630E+04 
2.950000E-01          1.134685E+00              1.376717E+04 
2.960000E-01          1.138714E+00              1.376787E+04 
2.970000E-01          1.142744E+00              1.376839E+04 
2.980000E-01          1.146774E+00              1.376873E+04 
2.990000E-01          1.150805E+00              1.376883E+04 
3.000000E-01          1.154837E+00              1.376873E+04 
3.010000E-01          1.158869E+00              1.376883E+04 
3.020000E-01          1.162901E+00              1.376883E+04 
3.030000E-01          1.166934E+00              1.376865E+04 
3.040000E-01          1.170967E+00              1.376827E+04 
3.050000E-01          1.175002E+00              1.376763E+04 
3.060000E-01          1.179037E+00              1.376687E+04 
3.070000E-01          1.183072E+00              1.376605E+04 
3.080000E-01          1.187108E+00              1.376514E+04 
3.090000E-01          1.191145E+00              1.376408E+04 
3.100000E-01          1.195180E+00              1.376333E+04 
3.110000E-01          1.199215E+00              1.376285E+04 
3.120000E-01          1.203249E+00              1.376236E+04 
3.130000E-01          1.207284E+00              1.376212E+04 
3.140000E-01          1.211319E+00              1.376157E+04 
3.150000E-01          1.215356E+00              1.376057E+04 
3.160000E-01          1.219394E+00              1.375913E+04 
3.170000E-01          1.223434E+00              1.375733E+04 
3.180000E-01          1.227474E+00              1.375568E+04 
3.190000E-01          1.231512E+00              1.375434E+04 
3.200000E-01          1.235552E+00              1.375277E+04 
3.210000E-01          1.239589E+00              1.375186E+04 
3.220000E-01          1.243627E+00              1.375086E+04 
3.230000E-01          1.247666E+00              1.374948E+04 
3.240000E-01          1.251707E+00              1.374760E+04 
3.250000E-01          1.255750E+00              1.374524E+04 
3.260000E-01          1.259794E+00              1.374251E+04 
3.270000E-01          1.263837E+00              1.374017E+04 
3.280000E-01          1.267880E+00              1.373797E+04 
3.290000E-01          1.271923E+00              1.373542E+04 
3.300000E-01          1.275964E+00              1.373375E+04 
3.310000E-01          1.280006E+00              1.373192E+04 
3.320000E-01          1.284049E+00              1.372970E+04 
3.330000E-01          1.288094E+00              1.372694E+04 
3.340000E-01          1.292141E+00              1.372370E+04 
3.350000E-01          1.296187E+00              1.372075E+04 
3.360000E-01          1.300232E+00              1.371800E+04 
3.370000E-01          1.304279E+00              1.371491E+04 
3.380000E-01          1.308324E+00              1.371227E+04 
3.390000E-01          1.312369E+00              1.370976E+04 
3.400000E-01          1.316415E+00              1.370688E+04 
3.410000E-01          1.320464E+00              1.370347E+04 
3.420000E-01          1.324514E+00              1.369949E+04 
3.430000E-01          1.328563E+00              1.369586E+04 
3.440000E-01          1.332612E+00              1.369235E+04 
3.450000E-01          1.336663E+00              1.368846E+04 
3.460000E-01          1.340712E+00              1.368474E+04 
3.470000E-01          1.344762E+00              1.368114E+04 
3.480000E-01          1.348813E+00              1.367708E+04 
3.490000E-01          1.352867E+00              1.367246E+04 
3.500000E-01          1.356921E+00              1.366767E+04 
3.510000E-01          1.360973E+00              1.366337E+04 
3.520000E-01          1.365026E+00              1.365891E+04 
3.530000E-01          1.369077E+00              1.365528E+04 
3.540000E-01          1.373129E+00              1.365120E+04 
3.550000E-01          1.377183E+00              1.364642E+04 
3.560000E-01          1.381240E+00              1.364102E+04 
3.570000E-01          1.385295E+00              1.363614E+04 
3.580000E-01          1.389351E+00              1.363128E+04 
3.590000E-01          1.393405E+00              1.362676E+04 
3.600000E-01          1.397457E+00              1.362276E+04 
3.610000E-01          1.401512E+00              1.361823E+04 
3.620000E-01          1.405568E+00              1.361303E+04 
3.630000E-01          1.409628E+00              1.360711E+04 
3.640000E-01          1.413684E+00              1.360229E+04 
3.650000E-01          1.417741E+00              1.359719E+04 
3.660000E-01          1.421796E+00              1.359248E+04 
3.670000E-01          1.425851E+00              1.358814E+04 
3.680000E-01          1.429907E+00              1.358333E+04 
3.690000E-01          1.433966E+00              1.357784E+04 
3.700000E-01          1.438027E+00              1.357162E+04 
3.710000E-01          1.442085E+00              1.356645E+04 
3.720000E-01          1.446144E+00              1.356104E+04 
3.730000E-01          1.450201E+00              1.355593E+04 
3.740000E-01          1.454257E+00              1.355145E+04 
3.750000E-01          1.458315E+00              1.354641E+04 
3.760000E-01          1.462375E+00              1.354070E+04 
3.770000E-01          1.466438E+00              1.353429E+04 
3.780000E-01          1.470498E+00              1.352868E+04 
3.790000E-01          1.474559E+00              1.352298E+04 
3.800000E-01          1.478619E+00              1.351730E+04 
3.810000E-01          1.482676E+00              1.351278E+04 
3.820000E-01          1.486735E+00              1.350772E+04 
3.830000E-01          1.490796E+00              1.350188E+04 
3.840000E-01          1.494860E+00              1.349533E+04 
3.850000E-01          1.498923E+00              1.348917E+04 
3.860000E-01          1.502985E+00              1.348341E+04 
3.870000E-01          1.507048E+00              1.347711E+04 
3.880000E-01          1.511107E+00              1.347221E+04 
3.890000E-01          1.515166E+00              1.346723E+04 
3.900000E-01          1.519229E+00              1.346144E+04 
3.910000E-01          1.523294E+00              1.345478E+04 
3.920000E-01          1.527360E+00              1.344789E+04 
3.930000E-01          1.531423E+00              1.344196E+04 
3.940000E-01          1.535488E+00              1.343567E+04 
3.950000E-01          1.539550E+00              1.343000E+04 
3.960000E-01          1.543610E+00              1.342488E+04 
3.970000E-01          1.547673E+00              1.341924E+04 
3.980000E-01          1.551739E+00              1.341263E+04 
3.990000E-01          1.555808E+00              1.340521E+04 
4.000000E-01          1.559873E+00              1.339895E+04 
4.010000E-01          1.563938E+00              1.339258E+04 
4.020000E-01          1.568004E+00              1.338613E+04 
4.030000E-01          1.572066E+00              1.338088E+04 
4.040000E-01          1.576129E+00              1.337531E+04 
4.050000E-01          1.580195E+00              1.336898E+04 
4.060000E-01          1.584264E+00              1.336157E+04 
4.070000E-01          1.588333E+00              1.335447E+04 
4.080000E-01          1.592400E+00              1.334800E+04 
4.090000E-01          1.596468E+00              1.334114E+04 
4.100000E-01          1.600532E+00              1.333543E+04 
4.110000E-01          1.604596E+00              1.332981E+04 
4.120000E-01          1.608662E+00              1.332361E+04 
4.130000E-01          1.612732E+00              1.331646E+04 
4.140000E-01          1.616804E+00              1.330851E+04 
4.150000E-01          1.620872E+00              1.330188E+04 
4.160000E-01          1.624941E+00              1.329500E+04 
4.170000E-01          1.629009E+00              1.328855E+04 
4.180000E-01          1.633074E+00              1.328286E+04 
4.190000E-01          1.637141E+00              1.327669E+04 
4.200000E-01          1.641210E+00              1.326980E+04 
4.210000E-01          1.645284E+00              1.326181E+04 
4.220000E-01          1.649355E+00              1.325447E+04 
4.230000E-01          1.653425E+00              1.324748E+04 
4.240000E-01          1.657497E+00              1.324005E+04 
4.250000E-01          1.661563E+00              1.323434E+04 
4.260000E-01          1.665630E+00              1.322824E+04 
4.270000E-01          1.669700E+00              1.322143E+04 
4.280000E-01          1.673774E+00              1.321371E+04 
4.290000E-01          1.677849E+00              1.320556E+04 
4.300000E-01          1.681920E+00              1.319836E+04 
4.310000E-01          1.685993E+00              1.319086E+04 
4.320000E-01          1.690063E+00              1.318438E+04 
4.330000E-01          1.694131E+00              1.317820E+04 
4.340000E-01          1.698202E+00              1.317137E+04 
4.350000E-01          1.702276E+00              1.316376E+04 
4.360000E-01          1.706354E+00              1.315501E+04 
4.370000E-01          1.710427E+00              1.314763E+04 
4.380000E-01          1.714501E+00              1.314008E+04 
4.390000E-01          1.718574E+00              1.313275E+04 
4.400000E-01          1.722644E+00              1.312652E+04 
4.410000E-01          1.726715E+00              1.311969E+04 
4.420000E-01          1.730790E+00              1.311206E+04 
4.430000E-01          1.734868E+00              1.310339E+04 
4.440000E-01          1.738945E+00              1.309531E+04 
4.450000E-01          1.743020E+00              1.308749E+04 
4.460000E-01          1.747097E+00              1.307944E+04 
4.470000E-01          1.751168E+00              1.307308E+04 
4.480000E-01          1.755240E+00              1.306621E+04 
4.490000E-01          1.759316E+00              1.305849E+04 
4.500000E-01          1.763395E+00              1.304979E+04 
4.510000E-01          1.767474E+00              1.304123E+04 
4.520000E-01          1.771552E+00              1.303315E+04 
4.530000E-01          1.775630E+00              1.302472E+04 
4.540000E-01          1.779703E+00              1.301805E+04 
4.550000E-01          1.783777E+00              1.301103E+04 
4.560000E-01          1.787854E+00              1.300317E+04 
4.570000E-01          1.791935E+00              1.299432E+04 
4.580000E-01          1.796016E+00              1.298537E+04 
4.590000E-01          1.800095E+00              1.297712E+04 
4.600000E-01          1.804175E+00              1.296848E+04 
4.610000E-01          1.808249E+00              1.296157E+04 
4.620000E-01          1.812324E+00              1.295440E+04 
4.630000E-01          1.816403E+00              1.294639E+04 
4.640000E-01          1.820485E+00              1.293742E+04 
4.650000E-01          1.824567E+00              1.292831E+04 
4.660000E-01          1.828647E+00              1.291993E+04 
4.670000E-01          1.832729E+00              1.291117E+04 
4.680000E-01          1.836804E+00              1.290412E+04 
4.690000E-01          1.840881E+00              1.289688E+04 
4.700000E-01          1.844960E+00              1.288879E+04 
4.710000E-01          1.849043E+00              1.287971E+04 
4.720000E-01          1.853127E+00              1.287054E+04 
4.730000E-01          1.857208E+00              1.286208E+04 
4.740000E-01          1.861290E+00              1.285329E+04 
4.750000E-01          1.865366E+00              1.284629E+04 
4.760000E-01          1.869443E+00              1.283911E+04 
4.770000E-01          1.873524E+00              1.283102E+04 
4.780000E-01          1.877607E+00              1.282199E+04 
4.790000E-01          1.881691E+00              1.281294E+04 
4.800000E-01          1.885773E+00              1.280459E+04 
4.810000E-01          1.889856E+00              1.279591E+04 
4.820000E-01          1.893933E+00              1.278879E+04 
4.830000E-01          1.898010E+00              1.278184E+04 
4.840000E-01          1.902090E+00              1.277401E+04 
4.850000E-01          1.906174E+00              1.276523E+04 
4.860000E-01          1.910259E+00              1.275610E+04 
4.870000E-01          1.914340E+00              1.274799E+04 
4.880000E-01          1.918424E+00              1.273944E+04 
4.890000E-01          1.922503E+00              1.273212E+04 
4.900000E-01          1.926579E+00              1.272546E+04 
4.910000E-01          1.930659E+00              1.271801E+04 
4.920000E-01          1.934742E+00              1.270961E+04 
4.930000E-01          1.938828E+00              1.270031E+04 
4.940000E-01          1.942910E+00              1.269246E+04 
4.950000E-01          1.946992E+00              1.268435E+04 
4.960000E-01          1.951075E+00              1.267630E+04 
4.970000E-01          1.955151E+00              1.266992E+04 
4.980000E-01          1.959229E+00              1.266311E+04 
4.990000E-01          1.963311E+00              1.265527E+04 
5.000000E-01          1.967396E+00              1.264649E+04 
