#INST  CMOD   FORCE   
0.000000E+00          0.000000E+00              0.000000E+00 
1.000000E-03          3.496073E-03              1.395915E+02 
2.000000E-03          6.992308E-03              2.791036E+02 
3.000000E-03          1.048865E-02              4.185638E+02 
4.000000E-03          1.398510E-02              5.580413E+02 
5.000000E-03          1.748166E-02              6.975362E+02 
6.000000E-03          2.097853E-02              8.369092E+02 
7.000000E-03          2.447619E-02              9.761891E+02 
8.000000E-03          2.797454E-02              1.115323E+03 
9.000000E-03          3.147369E-02              1.254278E+03 
1.000000E-02          3.497383E-02              1.393003E+03 
1.100000E-02          3.847491E-02              1.531510E+03 
1.200000E-02          4.197689E-02              1.669811E+03 
1.300000E-02          4.547982E-02              1.807890E+03 
1.400000E-02          4.898375E-02              1.945738E+03 
1.500000E-02          5.248860E-02              2.083374E+03 
1.600000E-02          5.599441E-02              2.220787E+03 
1.700000E-02          5.950126E-02              2.357954E+03 
1.800000E-02          6.300913E-02              2.494880E+03 
1.900000E-02          6.651798E-02              2.631577E+03 
2.000000E-02          7.002783E-02              2.768039E+03 
2.100000E-02          7.353872E-02              2.904255E+03 
2.200000E-02          7.705066E-02              3.040220E+03 
2.300000E-02          8.056369E-02              3.175926E+03 
2.400000E-02          8.407778E-02              3.311376E+03 
2.500000E-02          8.759299E-02              3.446557E+03 
2.600000E-02          9.110938E-02              3.581451E+03 
2.700000E-02          9.462695E-02              3.716055E+03 
2.800000E-02          9.814573E-02              3.850361E+03 
2.900000E-02          1.016658E-01              3.984358E+03 
3.000000E-02          1.051871E-01              4.118040E+03 
3.100000E-02          1.087097E-01              4.251392E+03 
3.200000E-02          1.122337E-01              4.384407E+03 
3.300000E-02          1.157590E-01              4.517074E+03 
3.400000E-02          1.192858E-01              4.649382E+03 
3.500000E-02          1.228139E-01              4.781331E+03 
3.600000E-02          1.263436E-01              4.912913E+03 
3.700000E-02          1.298747E-01              5.044115E+03 
3.800000E-02          1.334073E-01              5.174929E+03 
3.900000E-02          1.369414E-01              5.305359E+03 
4.000000E-02          1.404770E-01              5.435390E+03 
4.100000E-02          1.440143E-01              5.565019E+03 
4.200000E-02          1.475531E-01              5.694231E+03 
4.300000E-02          1.510935E-01              5.823025E+03 
4.400000E-02          1.546355E-01              5.951397E+03 
4.500000E-02          1.581792E-01              6.079335E+03 
4.600000E-02          1.617246E-01              6.206831E+03 
4.700000E-02          1.652716E-01              6.333890E+03 
4.800000E-02          1.688204E-01              6.460489E+03 
4.900000E-02          1.723708E-01              6.586633E+03 
5.000000E-02          1.759230E-01              6.712333E+03 
5.100000E-02          1.794769E-01              6.837565E+03 
5.200000E-02          1.830327E-01              6.962314E+03 
5.300000E-02          1.865903E-01              7.086560E+03 
5.400000E-02          1.901499E-01              7.210258E+03 
5.500000E-02          1.937119E-01              7.333342E+03 
5.600000E-02          1.972760E-01              7.455821E+03 
5.700000E-02          2.008425E-01              7.577681E+03 
5.800000E-02          2.044115E-01              7.698859E+03 
5.900000E-02          2.079832E-01              7.819290E+03 
6.000000E-02          2.115577E-01              7.938962E+03 
6.100000E-02          2.151351E-01              8.057846E+03 
6.200000E-02          2.187158E-01              8.175821E+03 
6.300000E-02          2.223000E-01              8.292846E+03 
6.400000E-02          2.258877E-01              8.408906E+03 
6.500000E-02          2.294791E-01              8.523955E+03 
6.600000E-02          2.330743E-01              8.637963E+03 
6.700000E-02          2.366738E-01              8.750778E+03 
6.800000E-02          2.402778E-01              8.862363E+03 
6.900000E-02          2.438861E-01              8.972746E+03 
7.000000E-02          2.474990E-01              9.081875E+03 
7.100000E-02          2.511168E-01              9.189642E+03 
7.200000E-02          2.547395E-01              9.296069E+03 
7.300000E-02          2.583668E-01              9.401204E+03 
7.400000E-02          2.619990E-01              9.504983E+03 
7.500000E-02          2.656362E-01              9.607386E+03 
7.600000E-02          2.692783E-01              9.708423E+03 
7.700000E-02          2.729255E-01              9.808052E+03 
7.800000E-02          2.765779E-01              9.906250E+03 
7.900000E-02          2.802355E-01              1.000298E+04 
8.000000E-02          2.838985E-01              1.009820E+04 
8.100000E-02          2.875668E-01              1.019194E+04 
8.200000E-02          2.912406E-01              1.028419E+04 
8.300000E-02          2.949195E-01              1.037500E+04 
8.400000E-02          2.986037E-01              1.046433E+04 
8.500000E-02          3.022927E-01              1.055223E+04 
8.600000E-02          3.059869E-01              1.063860E+04 
8.700000E-02          3.096864E-01              1.072350E+04 
8.800000E-02          3.133914E-01              1.080688E+04 
8.900000E-02          3.171018E-01              1.088872E+04 
9.000000E-02          3.208175E-01              1.096909E+04 
9.100000E-02          3.245388E-01              1.104789E+04 
9.200000E-02          3.282659E-01              1.112508E+04 
9.300000E-02          3.319984E-01              1.120074E+04 
9.400000E-02          3.357362E-01              1.127491E+04 
9.500000E-02          3.394793E-01              1.134761E+04 
9.600000E-02          3.432284E-01              1.141865E+04 
9.700000E-02          3.469829E-01              1.148816E+04 
9.800000E-02          3.507427E-01              1.155621E+04 
9.900000E-02          3.545084E-01              1.162261E+04 
1.000000E-01          3.582800E-01              1.168738E+04 
1.010000E-01          3.620572E-01              1.175056E+04 
1.020000E-01          3.658404E-01              1.181208E+04 
1.030000E-01          3.696301E-01              1.187183E+04 
1.040000E-01          3.734264E-01              1.192974E+04 
1.050000E-01          3.772296E-01              1.198579E+04 
1.060000E-01          3.810403E-01              1.203974E+04 
1.070000E-01          3.848587E-01              1.209164E+04 
1.080000E-01          3.886844E-01              1.214153E+04 
1.090000E-01          3.925176E-01              1.218942E+04 
1.100000E-01          3.963579E-01              1.223537E+04 
1.110000E-01          4.002060E-01              1.227925E+04 
1.120000E-01          4.040621E-01              1.232099E+04 
1.130000E-01          4.079264E-01              1.236054E+04 
1.140000E-01          4.117997E-01              1.239773E+04 
1.150000E-01          4.156830E-01              1.243226E+04 
1.160000E-01          4.195775E-01              1.246382E+04 
1.170000E-01          4.234849E-01              1.249197E+04 
1.180000E-01          4.274059E-01              1.251655E+04 
1.190000E-01          4.313375E-01              1.253834E+04 
1.200000E-01          4.352759E-01              1.255836E+04 
1.210000E-01          4.392190E-01              1.257712E+04 
1.220000E-01          4.431662E-01              1.259485E+04 
1.230000E-01          4.471167E-01              1.261169E+04 
1.240000E-01          4.510704E-01              1.262774E+04 
1.250000E-01          4.550266E-01              1.264311E+04 
1.260000E-01          4.589852E-01              1.265789E+04 
1.270000E-01          4.629459E-01              1.267213E+04 
1.280000E-01          4.669086E-01              1.268587E+04 
1.290000E-01          4.708731E-01              1.269915E+04 
1.300000E-01          4.748392E-01              1.271203E+04 
1.310000E-01          4.788069E-01              1.272452E+04 
1.320000E-01          4.827759E-01              1.273666E+04 
1.330000E-01          4.867463E-01              1.274849E+04 
1.340000E-01          4.907178E-01              1.276003E+04 
1.350000E-01          4.946904E-01              1.277131E+04 
1.360000E-01          4.986640E-01              1.278234E+04 
1.370000E-01          5.026385E-01              1.279317E+04 
1.380000E-01          5.066139E-01              1.280378E+04 
1.390000E-01          5.105900E-01              1.281421E+04 
1.400000E-01          5.145670E-01              1.282446E+04 
1.410000E-01          5.185447E-01              1.283454E+04 
1.420000E-01          5.225230E-01              1.284447E+04 
1.430000E-01          5.265020E-01              1.285424E+04 
1.440000E-01          5.304817E-01              1.286387E+04 
1.450000E-01          5.344620E-01              1.287336E+04 
1.460000E-01          5.384429E-01              1.288272E+04 
1.470000E-01          5.424243E-01              1.289195E+04 
1.480000E-01          5.464064E-01              1.290106E+04 
1.490000E-01          5.503889E-01              1.291004E+04 
1.500000E-01          5.543721E-01              1.291891E+04 
1.510000E-01          5.583557E-01              1.292767E+04 
1.520000E-01          5.623398E-01              1.293631E+04 
1.530000E-01          5.663245E-01              1.294485E+04 
1.540000E-01          5.703097E-01              1.295329E+04 
1.550000E-01          5.742953E-01              1.296162E+04 
1.560000E-01          5.782814E-01              1.296985E+04 
1.570000E-01          5.822680E-01              1.297798E+04 
1.580000E-01          5.862551E-01              1.298601E+04 
1.590000E-01          5.902426E-01              1.299395E+04 
1.600000E-01          5.942306E-01              1.300179E+04 
1.610000E-01          5.982190E-01              1.300955E+04 
1.620000E-01          6.022078E-01              1.301721E+04 
1.630000E-01          6.061971E-01              1.302479E+04 
1.640000E-01          6.101868E-01              1.303228E+04 
1.650000E-01          6.141770E-01              1.303968E+04 
1.660000E-01          6.181675E-01              1.304700E+04 
1.670000E-01          6.221585E-01              1.305424E+04 
1.680000E-01          6.261498E-01              1.306140E+04 
1.690000E-01          6.301416E-01              1.306849E+04 
1.700000E-01          6.341337E-01              1.307550E+04 
1.710000E-01          6.381263E-01              1.308243E+04 
1.720000E-01          6.421192E-01              1.308929E+04 
1.730000E-01          6.461124E-01              1.309608E+04 
1.740000E-01          6.501060E-01              1.310281E+04 
1.750000E-01          6.541000E-01              1.310947E+04 
1.760000E-01          6.580943E-01              1.311606E+04 
1.770000E-01          6.620890E-01              1.312259E+04 
1.780000E-01          6.660840E-01              1.312905E+04 
1.790000E-01          6.700794E-01              1.313545E+04 
1.800000E-01          6.740751E-01              1.314179E+04 
1.810000E-01          6.780711E-01              1.314807E+04 
1.820000E-01          6.820674E-01              1.315429E+04 
1.830000E-01          6.860641E-01              1.316045E+04 
1.840000E-01          6.900611E-01              1.316655E+04 
1.850000E-01          6.940584E-01              1.317259E+04 
1.860000E-01          6.980561E-01              1.317858E+04 
1.870000E-01          7.020540E-01              1.318450E+04 
1.880000E-01          7.060523E-01              1.319037E+04 
1.890000E-01          7.100509E-01              1.319618E+04 
1.900000E-01          7.140499E-01              1.320193E+04 
1.910000E-01          7.180491E-01              1.320763E+04 
1.920000E-01          7.220487E-01              1.321327E+04 
1.930000E-01          7.260485E-01              1.321885E+04 
1.940000E-01          7.300487E-01              1.322438E+04 
1.950000E-01          7.340492E-01              1.322985E+04 
1.960000E-01          7.380501E-01              1.323527E+04 
1.970000E-01          7.420512E-01              1.324063E+04 
1.980000E-01          7.460527E-01              1.324592E+04 
1.990000E-01          7.500545E-01              1.325115E+04 
2.000000E-01          7.540567E-01              1.325632E+04 
2.010000E-01          7.580592E-01              1.326143E+04 
2.020000E-01          7.620625E-01              1.326635E+04 
2.030000E-01          7.660665E-01              1.327111E+04 
2.040000E-01          7.700711E-01              1.327572E+04 
2.050000E-01          7.740764E-01              1.328018E+04 
2.060000E-01          7.780827E-01              1.328440E+04 
2.070000E-01          7.820900E-01              1.328835E+04 
2.080000E-01          7.860983E-01              1.329206E+04 
2.090000E-01          7.901078E-01              1.329548E+04 
2.100000E-01          7.941185E-01              1.329860E+04 
2.110000E-01          7.981307E-01              1.330131E+04 
2.120000E-01          8.021447E-01              1.330355E+04 
2.130000E-01          8.061608E-01              1.330523E+04 
2.140000E-01          8.101792E-01              1.330625E+04 
2.150000E-01          8.142007E-01              1.330647E+04 
2.160000E-01          8.182258E-01              1.330563E+04 
2.170000E-01          8.222561E-01              1.330337E+04 
2.180000E-01          8.262932E-01              1.329913E+04 
2.190000E-01          8.303395E-01              1.329226E+04 
2.200000E-01          8.343976E-01              1.328200E+04 
2.210000E-01          8.384703E-01              1.326756E+04 
2.220000E-01          8.425685E-01              1.324583E+04 
2.230000E-01          8.467013E-01              1.321417E+04 
2.240000E-01          8.508710E-01              1.317199E+04 
2.250000E-01          8.550757E-01              1.311980E+04 
2.260000E-01          8.592601E-01              1.307350E+04 
2.270000E-01          8.634060E-01              1.303829E+04 
2.280000E-01          8.675224E-01              1.301158E+04 
2.290000E-01          8.716226E-01              1.298954E+04 
2.300000E-01          8.757101E-01              1.297119E+04 
2.310000E-01          8.797928E-01              1.295424E+04 
2.320000E-01          8.838703E-01              1.293881E+04 
2.330000E-01          8.879422E-01              1.292503E+04 
2.340000E-01          8.920097E-01              1.291253E+04 
2.350000E-01          8.960795E-01              1.289942E+04 
2.360000E-01          9.001431E-01              1.288812E+04 
2.370000E-01          9.042064E-01              1.287696E+04 
2.380000E-01          9.082672E-01              1.286655E+04 
2.390000E-01          9.123244E-01              1.285718E+04 
2.400000E-01          9.163830E-01              1.284746E+04 
2.410000E-01          9.204436E-01              1.283721E+04 
2.420000E-01          9.245016E-01              1.282774E+04 
2.430000E-01          9.285620E-01              1.281760E+04 
2.440000E-01          9.326167E-01              1.280914E+04 
2.450000E-01          9.366746E-01              1.279978E+04 
2.460000E-01          9.407373E-01              1.278910E+04 
2.470000E-01          9.447995E-01              1.277861E+04 
2.480000E-01          9.488605E-01              1.276846E+04 
2.490000E-01          9.529190E-01              1.275910E+04 
2.500000E-01          9.569754E-01              1.275035E+04 
2.510000E-01          9.610356E-01              1.274052E+04 
2.520000E-01          9.651003E-01              1.272947E+04 
2.530000E-01          9.691613E-01              1.271951E+04 
2.540000E-01          9.732240E-01              1.270909E+04 
2.550000E-01          9.772802E-01              1.270057E+04 
2.560000E-01          9.813365E-01              1.269205E+04 
2.570000E-01          9.853972E-01              1.268229E+04 
2.580000E-01          9.894606E-01              1.267181E+04 
2.590000E-01          9.935203E-01              1.266242E+04 
2.600000E-01          9.975824E-01              1.265237E+04 
2.610000E-01          1.001640E+00              1.264365E+04 
2.620000E-01          1.005698E+00              1.263490E+04 
2.630000E-01          1.009760E+00              1.262496E+04 
2.640000E-01          1.013824E+00              1.261448E+04 
2.650000E-01          1.017884E+00              1.260508E+04 
2.660000E-01          1.021945E+00              1.259574E+04 
2.670000E-01          1.026000E+00              1.258798E+04 
2.680000E-01          1.030057E+00              1.257947E+04 
2.690000E-01          1.034120E+00              1.256947E+04 
2.700000E-01          1.038182E+00              1.255981E+04 
2.710000E-01          1.042243E+00              1.255047E+04 
2.720000E-01          1.046303E+00              1.254135E+04 
2.730000E-01          1.050360E+00              1.253321E+04 
2.740000E-01          1.054421E+00              1.252407E+04 
2.750000E-01          1.058487E+00              1.251335E+04 
2.760000E-01          1.062549E+00              1.250376E+04 
2.770000E-01          1.066612E+00              1.249411E+04 
2.780000E-01          1.070671E+00              1.248546E+04 
2.790000E-01          1.074729E+00              1.247707E+04 
2.800000E-01          1.078792E+00              1.246751E+04 
2.810000E-01          1.082859E+00              1.245672E+04 
2.820000E-01          1.086922E+00              1.244731E+04 
2.830000E-01          1.090986E+00              1.243727E+04 
2.840000E-01          1.095044E+00              1.242923E+04 
2.850000E-01          1.099105E+00              1.242051E+04 
2.860000E-01          1.103170E+00              1.241037E+04 
2.870000E-01          1.107236E+00              1.240004E+04 
2.880000E-01          1.111301E+00              1.239026E+04 
2.890000E-01          1.115365E+00              1.238059E+04 
2.900000E-01          1.119425E+00              1.237205E+04 
2.910000E-01          1.123489E+00              1.236258E+04 
2.920000E-01          1.127558E+00              1.235159E+04 
2.930000E-01          1.131623E+00              1.234168E+04 
2.940000E-01          1.135690E+00              1.233143E+04 
2.950000E-01          1.139752E+00              1.232258E+04 
2.960000E-01          1.143814E+00              1.231368E+04 
2.970000E-01          1.147881E+00              1.230358E+04 
2.980000E-01          1.151950E+00              1.229265E+04 
2.990000E-01          1.156016E+00              1.228273E+04 
3.000000E-01          1.160084E+00              1.227238E+04 
3.010000E-01          1.164146E+00              1.226373E+04 
3.020000E-01          1.168210E+00              1.225443E+04 
3.030000E-01          1.172280E+00              1.224377E+04 
3.040000E-01          1.176348E+00              1.223344E+04 
3.050000E-01          1.180415E+00              1.222338E+04 
3.060000E-01          1.184481E+00              1.221392E+04 
3.070000E-01          1.188544E+00              1.220518E+04 
3.080000E-01          1.192610E+00              1.219544E+04 
3.090000E-01          1.196682E+00              1.218417E+04 
3.100000E-01          1.200750E+00              1.217419E+04 
3.110000E-01          1.204820E+00              1.216374E+04 
3.120000E-01          1.208884E+00              1.215462E+04 
3.130000E-01          1.212949E+00              1.214552E+04 
3.140000E-01          1.217019E+00              1.213518E+04 
3.150000E-01          1.221092E+00              1.212386E+04 
3.160000E-01          1.225161E+00              1.211360E+04 
3.170000E-01          1.229233E+00              1.210259E+04 
3.180000E-01          1.233299E+00              1.209351E+04 
3.190000E-01          1.237366E+00              1.208389E+04 
3.200000E-01          1.241438E+00              1.207307E+04 
3.210000E-01          1.245510E+00              1.206220E+04 
3.220000E-01          1.249580E+00              1.205199E+04 
3.230000E-01          1.253649E+00              1.204203E+04 
3.240000E-01          1.257714E+00              1.203319E+04 
3.250000E-01          1.261783E+00              1.202346E+04 
3.260000E-01          1.265857E+00              1.201221E+04 
3.270000E-01          1.269928E+00              1.200176E+04 
3.280000E-01          1.274001E+00              1.199112E+04 
3.290000E-01          1.278070E+00              1.198139E+04 
3.300000E-01          1.282137E+00              1.197213E+04 
3.310000E-01          1.286209E+00              1.196178E+04 
3.320000E-01          1.290284E+00              1.195020E+04 
3.330000E-01          1.294355E+00              1.194007E+04 
3.340000E-01          1.298429E+00              1.192923E+04 
3.350000E-01          1.302496E+00              1.192030E+04 
3.360000E-01          1.306565E+00              1.191083E+04 
3.370000E-01          1.310639E+00              1.189995E+04 
3.380000E-01          1.314714E+00              1.188881E+04 
3.390000E-01          1.318787E+00              1.187817E+04 
3.400000E-01          1.322861E+00              1.186754E+04 
3.410000E-01          1.326930E+00              1.185813E+04 
3.420000E-01          1.331002E+00              1.184794E+04 
3.430000E-01          1.335080E+00              1.183630E+04 
3.440000E-01          1.339154E+00              1.182562E+04 
3.450000E-01          1.343229E+00              1.181476E+04 
3.460000E-01          1.347300E+00              1.180483E+04 
3.470000E-01          1.351371E+00              1.179535E+04 
3.480000E-01          1.355445E+00              1.178475E+04 
3.490000E-01          1.359524E+00              1.177294E+04 
3.500000E-01          1.363598E+00              1.176244E+04 
3.510000E-01          1.367674E+00              1.175145E+04 
3.520000E-01          1.371743E+00              1.174249E+04 
3.530000E-01          1.375814E+00              1.173298E+04 
3.540000E-01          1.379890E+00              1.172210E+04 
3.550000E-01          1.383966E+00              1.171106E+04 
3.560000E-01          1.388042E+00              1.170050E+04 
3.570000E-01          1.392116E+00              1.169008E+04 
3.580000E-01          1.396187E+00              1.168086E+04 
3.590000E-01          1.400261E+00              1.167077E+04 
3.600000E-01          1.404340E+00              1.165921E+04 
3.610000E-01          1.408416E+00              1.164856E+04 
3.620000E-01          1.412492E+00              1.163775E+04 
3.630000E-01          1.416565E+00              1.162806E+04 
3.640000E-01          1.420637E+00              1.161863E+04 
3.650000E-01          1.424713E+00              1.160804E+04 
3.660000E-01          1.428794E+00              1.159636E+04 
3.670000E-01          1.432870E+00              1.158579E+04 
3.680000E-01          1.436949E+00              1.157463E+04 
3.690000E-01          1.441020E+00              1.156548E+04 
3.700000E-01          1.445093E+00              1.155591E+04 
3.710000E-01          1.449172E+00              1.154498E+04 
3.720000E-01          1.453250E+00              1.153389E+04 
3.730000E-01          1.457328E+00              1.152330E+04 
3.740000E-01          1.461405E+00              1.151279E+04 
3.750000E-01          1.465477E+00              1.150354E+04 
3.760000E-01          1.469553E+00              1.149346E+04 
3.770000E-01          1.473634E+00              1.148194E+04 
3.780000E-01          1.477712E+00              1.147120E+04 
3.790000E-01          1.481791E+00              1.146027E+04 
3.800000E-01          1.485867E+00              1.145029E+04 
3.810000E-01          1.489941E+00              1.144075E+04 
3.820000E-01          1.494020E+00              1.143009E+04 
3.830000E-01          1.498102E+00              1.141831E+04 
3.840000E-01          1.502180E+00              1.140801E+04 
3.850000E-01          1.506259E+00              1.139715E+04 
3.860000E-01          1.510333E+00              1.138794E+04 
3.870000E-01          1.514408E+00              1.137841E+04 
3.880000E-01          1.518487E+00              1.136759E+04 
3.890000E-01          1.522569E+00              1.135633E+04 
3.900000E-01          1.526648E+00              1.134574E+04 
3.910000E-01          1.530728E+00              1.133495E+04 
3.920000E-01          1.534802E+00              1.132570E+04 
3.930000E-01          1.538880E+00              1.131568E+04 
3.940000E-01          1.542962E+00              1.130422E+04 
3.950000E-01          1.547044E+00              1.129317E+04 
3.960000E-01          1.551125E+00              1.128209E+04 
3.970000E-01          1.555205E+00              1.127152E+04 
3.980000E-01          1.559283E+00              1.126162E+04 
3.990000E-01          1.563364E+00              1.125058E+04 
4.000000E-01          1.567451E+00              1.123812E+04 
4.010000E-01          1.571533E+00              1.122719E+04 
4.020000E-01          1.575615E+00              1.121613E+04 
4.030000E-01          1.579692E+00              1.120654E+04 
4.040000E-01          1.583769E+00              1.119685E+04 
4.050000E-01          1.587851E+00              1.118590E+04 
4.060000E-01          1.591935E+00              1.117442E+04 
4.070000E-01          1.596017E+00              1.116375E+04 
4.080000E-01          1.600099E+00              1.115288E+04 
4.090000E-01          1.604175E+00              1.114358E+04 
4.100000E-01          1.608255E+00              1.113352E+04 
4.110000E-01          1.612339E+00              1.112207E+04 
4.120000E-01          1.616422E+00              1.111108E+04 
4.130000E-01          1.620506E+00              1.110006E+04 
4.140000E-01          1.624587E+00              1.108970E+04 
4.150000E-01          1.628666E+00              1.107997E+04 
4.160000E-01          1.632748E+00              1.106925E+04 
4.170000E-01          1.636835E+00              1.105725E+04 
4.180000E-01          1.640918E+00              1.104651E+04 
4.190000E-01          1.645003E+00              1.103516E+04 
4.200000E-01          1.649082E+00              1.102560E+04 
4.210000E-01          1.653162E+00              1.101571E+04 
4.220000E-01          1.657247E+00              1.100457E+04 
4.230000E-01          1.661332E+00              1.099325E+04 
4.240000E-01          1.665416E+00              1.098238E+04 
4.250000E-01          1.669500E+00              1.097155E+04 
4.260000E-01          1.673579E+00              1.096198E+04 
4.270000E-01          1.677662E+00              1.095160E+04 
4.280000E-01          1.681749E+00              1.093985E+04 
4.290000E-01          1.685834E+00              1.092892E+04 
4.300000E-01          1.689920E+00              1.091774E+04 
4.310000E-01          1.694002E+00              1.090759E+04 
4.320000E-01          1.698083E+00              1.089768E+04 
4.330000E-01          1.702169E+00              1.088661E+04 
4.340000E-01          1.706258E+00              1.087463E+04 
4.350000E-01          1.710344E+00              1.086366E+04 
4.360000E-01          1.714430E+00              1.085235E+04 
4.370000E-01          1.718511E+00              1.084292E+04 
4.380000E-01          1.722593E+00              1.083287E+04 
4.390000E-01          1.726681E+00              1.082151E+04 
4.400000E-01          1.730768E+00              1.081029E+04 
4.410000E-01          1.734854E+00              1.079927E+04 
4.420000E-01          1.738939E+00              1.078857E+04 
4.430000E-01          1.743021E+00              1.077884E+04 
4.440000E-01          1.747107E+00              1.076820E+04 
4.450000E-01          1.751197E+00              1.075618E+04 
4.460000E-01          1.755283E+00              1.074532E+04 
4.470000E-01          1.759371E+00              1.073424E+04 
4.480000E-01          1.763453E+00              1.072446E+04 
4.490000E-01          1.767536E+00              1.071472E+04 
4.500000E-01          1.771623E+00              1.070380E+04 
4.510000E-01          1.775713E+00              1.069221E+04 
4.520000E-01          1.779800E+00              1.068140E+04 
4.530000E-01          1.783888E+00              1.067015E+04 
4.540000E-01          1.787971E+00              1.066061E+04 
4.550000E-01          1.792056E+00              1.065043E+04 
4.560000E-01          1.796145E+00              1.063894E+04 
4.570000E-01          1.800234E+00              1.062766E+04 
4.580000E-01          1.804323E+00              1.061656E+04 
4.590000E-01          1.808410E+00              1.060601E+04 
4.600000E-01          1.812493E+00              1.059636E+04 
4.610000E-01          1.816580E+00              1.058581E+04 
4.620000E-01          1.820672E+00              1.057395E+04 
4.630000E-01          1.824760E+00              1.056319E+04 
4.640000E-01          1.828849E+00              1.055198E+04 
4.650000E-01          1.832934E+00              1.054210E+04 
4.660000E-01          1.837020E+00              1.053209E+04 
4.670000E-01          1.841110E+00              1.052089E+04 
4.680000E-01          1.845202E+00              1.050911E+04 
4.690000E-01          1.849292E+00              1.049796E+04 
4.700000E-01          1.853383E+00              1.048641E+04 
4.710000E-01          1.857469E+00              1.047643E+04 
4.720000E-01          1.861558E+00              1.046582E+04 
4.730000E-01          1.865650E+00              1.045414E+04 
4.740000E-01          1.869741E+00              1.044293E+04 
4.750000E-01          1.873831E+00              1.043184E+04 
4.760000E-01          1.877919E+00              1.042152E+04 
4.770000E-01          1.882005E+00              1.041180E+04 
4.780000E-01          1.886094E+00              1.040111E+04 
4.790000E-01          1.890188E+00              1.038920E+04 
4.800000E-01          1.894277E+00              1.037847E+04 
4.810000E-01          1.898369E+00              1.036722E+04 
4.820000E-01          1.902455E+00              1.035749E+04 
4.830000E-01          1.906543E+00              1.034747E+04 
4.840000E-01          1.910634E+00              1.033631E+04 
4.850000E-01          1.914727E+00              1.032490E+04 
4.860000E-01          1.918818E+00              1.031397E+04 
4.870000E-01          1.922909E+00              1.030307E+04 
4.880000E-01          1.926996E+00              1.029342E+04 
4.890000E-01          1.931085E+00              1.028306E+04 
4.900000E-01          1.935179E+00              1.027151E+04 
4.910000E-01          1.939270E+00              1.026067E+04 
4.920000E-01          1.943362E+00              1.024971E+04 
4.930000E-01          1.947451E+00              1.023960E+04 
4.940000E-01          1.951538E+00              1.022988E+04 
4.950000E-01          1.955630E+00              1.021912E+04 
4.960000E-01          1.959725E+00              1.020731E+04 
4.970000E-01          1.963817E+00              1.019656E+04 
4.980000E-01          1.967910E+00              1.018528E+04 
4.990000E-01          1.971998E+00              1.017558E+04 
5.000000E-01          1.976088E+00              1.016554E+04 
